gate = np.array([50, 100, 150, 200, 500, 800, 1000, 1500, 2000, 2500, 3000]) - 5  # Time in ns
pedestal = np.array([25, 44, 52, 60, 127, 177, 207, 284, 358, 432, 505])
Calibration = np.array([0.579, 0.637, 0.678, 0.734, 0.93, 1.011, 1.041 ,1.086, 1.107, 1.11, 1.113])

# Three different fitted_peak datasets
fitted_peak_1 = np.array([47.2, 106.8, 150, 185.8, 387.3, 501, 555.3, 659, 742.1, 817.5, 892.1])
fitted_peak_7 = np.array([50.1, 109.3, 151.3, 186.9, 386.7, 500.17, 553.6, 656.8, 739, 814.9, 888.5])
fitted_peak_14 = np.array([47.9, 107.8, 150.9, 187.4, 390.2, 505.8, 559.6, 663.7, 746.2, 821.6, 895.7])
fitted_peak_6 = np.array([47.9, 106.1, 147.4, 182.7, 380, 492.1, 544.1, 647.8, 729, 804.27, 878.4]) 
fitted_peak_12 = np.array([46.4, 102.5, 142.2, 175.6, 365.9, 474.5, 526.1, 627.4, 708, 783.4, 857.4])
fitted_peak_20 = np.array([47.6, 105.7, 146.52, 181.5, 377.3, 488.7, 541.2, 643.5, 725.1, 799.7, 873.7])