>> 02/25/2025 18:55:25
Sample: BGO
Run-Type: 2
Gate: 2000 (ns)
Pedestal: 357
Source-Energy: 1.000000 (MeV)
Channel-PE: 1.000000
Run-Time: 180 (Sec)
HV: 1689
Motor-Position: 5 0
Neslab-temp: -1234.0
SR630-temp: -1000.0  -1000.0  -1000.0
T1: T1 0.000000
T2: T2 0.000000
T3: T3 0.000000
T4: T4 0.000000
T5: T5 0.000000
Data:
    0     0     0     0     0     0     0     0     0     0     0     0     0     0     0     0 
    0     0     0     0     0     0     0     0     0     0     0     0     0     0     0     0 
    0     0     0     0     0     0     0     0     0     0     0     0     0     0     0     0 
    0     0     0     0     0     0     0     0     0     0     0     0     0     0     0     0 
    0     0     0     0     0     0     0     0     0     0     0     0     0     0     0     0 
    0     0     0     0     0     0     0     0     0     0     0     0     0     0     0     0 
    0     0     0     0     0     0     0     0     0     0     0     0     0     0     0     0 
    0     0     0     0     0     0     0     0     0     0     0     0     0     0     0     0 
    0     0     0     0     0     0     0     0     0     0     0     0     0     0     0     0 
    0     0     0     0     0     0     0     0     0     0     0     0     0     0     0     0 
    0     0     0     0     0     0     0     0     0     0     0     0     0     0     0     0 
    0     0     0     0     0     0     0     0     0     0     0     0     0     0     0     0 
    0     0     0     0     0     0     0     0     0     0     0     0     0     0     0     0 
    0     0     0     0     0     0     0     0     0     0     0     0     0     0     0     0 
    0     0     0     0     0     0     0     0     0     0     0     0     0     0     0     0 
    0     0     0     0     0     0     0     0     0     0     0     0     0     0     0     0 
    0     0     0     0     0     0     0     0     0     0     0     0     0     0     0     0 
    0     0     0     0     0     0     0     0     0     0     0     0     0     0     0     0 
    0     0     0     0     0     0     0     0     0     0     0     0     0     0     0     0 
    0     0     0     0     0     0     0     0     0     0     0     0     0     0     0     0 
    0     0     0     0     0     0     0     0     0     0     0     0     0     0     0     0 
    0     0     0     0     0     0     0     0     0     0     0     0     0     0     0     0 
    0     0     0     0 17507  6554   667   261   150   123   114    86   100    78    82    91 
   93    57    61    60    65    73    59    57    70    45    53    54    48    44    66    55 
   45    38    54    59    38    61    47    52    44    33    40    42    37    45    42    43 
   42    35    34    48    35    32    40    38    25    25    45    44    46    31    41    52 
   49    41    32    47    37    36    37    31    42    32    34    39    27    39    35    36 
   49    37    41    44    46    40    29    37    36    27    29    37    35    39    34    31 
   40    41    35    29    33    41    35    38    29    26    31    40    34    31    39    39 
   31    30    30    28    35    24    34    44    41    42    32    34    36    34    32    40 
   36    33    30    34    30    38    27    38    27    35    23    40    26    27    37    27 
   40    25    45    31    29    30    29    39    35    29    27    30    33    26    16    30 
   25    29    29    23    27    19    32    24    24    23    16    27    23    22    30    27 
   27    25    21    26    21    26    23    20    35    22    29    21    31    24    20    25 
   29    31    21    21    31    34    23    21    21    27    20    23    26    17    30    23 
   19    27    21    29    18    31    21    32    30    23    23    22    24    34    31    22 
   20    27    27    23    25    19    18    27    24    33    26    22    21    20    32    27 
   27    27    24    20    28    16    15    21    27    21    20    18    15    27    21    19 
   10    21    18    21    26    16    19    20    16    16    23    22    17    16    11    35 
   28    14    15    25    20    25    14    30    22    30    20    33    16    25    17    27 
   36    25    47    31    43    46    45    44    49    44    56    53    58    52    56    70 
   77    71    89    77    84    88   102    97   102   100   137   132   102   144   146   157 
  179   173   173   184   233   214   209   234   239   278   258   306   281   283   291   338 
  323   334   323   336   390   352   376   421   390   401   424   420   432   417   408   467 
  404   390   440   427   438   412   473   464   411   480   422   401   393   377   394   383 
  351   366   400   371   339   383   354   352   308   322   289   303   291   276   282   254 
  254   242   225   238   216   200   188   169   202   176   168   141   137   118   134   140 
  120   105   109    96    81   102    92    64    65    57    67    56    51    57    56    69 
   44    43    37    32    46    38    35    36    31    24    30    26    29    19    25    22 
   17    13    21    18    14    11    16    21    17     9    13     6    13    20     9    14 
    8    16    10    11     8     6    14    14    11     8     6     7    10     7     8     6 
   10     6    11     7     8     8     6     7     3    13     8    10     3     9     8     6 
    8     4     6     5     5     8     4     6     8     6    12     8     6     6     4     5 
    9     6     6     8     8     7    11     4     1     5     5     7     3    10     6    11 
    1     5     7     4     3     3     2     6    10     7    10     3     6     6     7     7 
    6     6     4     4     7     8     5     5     3     4     5     2     4     9     3     8 
    1     7     5     8     2     7     7     4     5     3     8     6     6     4     3     7 
    1     6     2     6     5     4     4     0     4     1     4     6     3    11     4     3 
    4     2     3     1     3     4     2     7     4     6     7     3     3     1     3     2 
    2     4     3     1     2     3     4     1     7     2     6     2     2     2     4     2 
    5     4     2     4     3     7     3     4     2     5     1     2     4     4     4     3 
    1     2     5     7     2     1     8     4     3     5     5     5     4     7     2     7 
    5     4     5     4     5     1     4     3     2     6     5     3     4     1     4     4 
    5     4     3     1     6     4     3     7     7     5     6     1     1     4     5  2209 
>> 02/25/2025 18:59:50
Sample: BGO
Run-Type: 2
Gate: 2000 (ns)
Pedestal: 357
Source-Energy: 1.000000 (MeV)
Channel-PE: 1.000000
Run-Time: 180 (Sec)
HV: 1689
Motor-Position: 25 0
Neslab-temp: -1234.0
SR630-temp: -1000.0  -1000.0  -1000.0
T1: T1 0.000000
T2: T2 0.000000
T3: T3 0.000000
T4: T4 0.000000
T5: T5 0.000000
Data:
    0     0     0     0     0     0     0     0     0     0     0     0     0     0     0     0 
    0     0     0     0     0     0     0     0     0     0     0     0     0     0     0     0 
    0     0     0     0     0     0     0     0     0     0     0     0     0     0     0     0 
    0     0     0     0     0     0     0     0     0     0     0     0     0     0     0     0 
    0     0     0     0     0     0     0     0     0     0     0     0     0     0     0     0 
    0     0     0     0     0     0     0     0     0     0     0     0     0     0     0     0 
    0     0     0     0     0     0     0     0     0     0     0     0     0     0     0     0 
    0     0     0     0     0     0     0     0     0     0     0     0     0     0     0     0 
    0     0     0     0     0     0     0     0     0     0     0     0     0     0     0     0 
    0     0     0     0     0     0     0     0     0     0     0     0     0     0     0     0 
    0     0     0     0     0     0     0     0     0     0     0     0     0     0     0     0 
    0     0     0     0     0     0     0     0     0     0     0     0     0     0     0     0 
    0     0     0     0     0     0     0     0     0     0     0     0     0     0     0     0 
    0     0     0     0     0     0     0     0     0     0     0     0     0     0     0     0 
    0     0     0     0     0     0     0     0     0     0     0     0     0     0     0     0 
    0     0     0     0     0     0     0     0     0     0     0     0     0     0     0     0 
    0     0     0     0     0     0     0     0     0     0     0     0     0     0     0     0 
    0     0     0     0     0     0     0     0     0     0     0     0     0     0     0     0 
    0     0     0     0     0     0     0     0     0     0     0     0     0     0     0     0 
    0     0     0     0     0     0     0     0     0     0     0     0     0     0     0     0 
    0     0     0     0     0     0     0     0     0     0     0     0     0     0     0     0 
    0     0     0     0     0     0     0     0     0     0     0     0     0     0     0     0 
    0     0     0     0 20287  2400   602   248   141   126    97   107    77    96    84    76 
   80    71    75    71    69    46    57    52    70    63    55    50    45    52    63    47 
   59    66    41    58    34    41    42    55    55    47    44    38    37    46    36    43 
   47    38    53    38    33    42    41    38    35    39    37    31    47    38    35    43 
   42    41    46    32    30    41    25    36    35    44    37    31    32    46    37    47 
   35    42    31    40    29    31    36    35    40    28    40    30    27    36    37    38 
   34    39    32    28    46    29    33    45    26    22    27    37    36    38    40    33 
   25    30    40    36    29    31    36    35    25    49    36    34    45    27    31    22 
   41    33    20    24    34    26    21    28    38    41    24    30    37    31    24    28 
   40    30    29    32    39    30    31    35    27    27    35    34    37    24    42    29 
   26    26    25    48    29    25    27    28    28    21    31    23    23    29    29    30 
   30    25    38    34    27    28    26    28    19    31    22    24    28    18    22    19 
   20    25    25    19    17    26    23    22    25    25    24    28    24    22    29    36 
   24    22    21    31    21    24    26    31    29    31    29    18    31    20    24    24 
   30    29    36    29    25    26    27    35    22    27    20    25    26    25    22    31 
   15    26    26    36    20    22    26    19    18    22    25    22    13    23    12    26 
   20    21    10    24    20    22    19    27    20    22    20    21    24    23    19    20 
   25    25    29    27    31    22    33    43    35    29    26    31    30    33    35    34 
   31    31    46    37    51    47    53    38    62    49    61    72    68    79    99    90 
  114   122    99   115   122   138   141   112   153   181   156   166   183   222   202   226 
  214   237   252   244   251   262   293   273   303   269   306   349   355   387   366   399 
  379   384   389   399   410   390   462   410   447   411   460   448   443   485   425   491 
  414   450   444   411   447   444   432   429   408   425   356   382   381   373   368   382 
  357   305   298   321   294   300   269   269   299   257   255   237   216   224   212   205 
  180   178   175   157   180   147   161   120   154   123   103   118    98    94    92    86 
   80    95    86    60    80    59    64    54    61    69    45    52    53    39    35    41 
   44    30    35    22    34    26    27    17    27    17    18    28    25    16    20    21 
   17     6    14    20    21    14    16    13    14    11    13    11    17    11     8     8 
    7    10     9     7     6     8    11    10    13    10     7    14    13    10    10    10 
    5    13     8     8    14    12     9     6     5    11     8     5     7     6    13    11 
   10    10     6     9     4     7     9     6    11     3     9     8    12     8     7     7 
    9     6     4     8     6     8     6     8     7    12     6     5     5    10     7    12 
   10     3     8     8    10     9     5     2     3     7     5     7     5     5     2     5 
   11     6     6     6     4     4     5     4     7     0     3     2     5     2     2     6 
    4     4     3     3     3     3     5     4     7     3     2     4     4     5     6     3 
    1     3     6     5     3     0     4     5     5     5     6     4     3     8     4     7 
    3     6     6     5     4     4     4     5     2     3     6     3     4     9     7     2 
    3     7     3     5     8     7     6     5     1     5     2     5     1     6     2     5 
    1     7     4     2     7     2     6     5     6     1     8     4     4     4     6     5 
    4     5     5     1     5     2     4     3     4     4     2     6     6     1     9     7 
    8     3     7     9     4     3     5     2     0     2     5     7     2     5     2     8 
    7     6     5     4     3     8     6     5     3     3     5     5     7     8     9  2483 
>> 02/25/2025 19:06:06
Sample: BGO
Run-Type: 2
Gate: 2000 (ns)
Pedestal: 357
Source-Energy: 1.000000 (MeV)
Channel-PE: 1.000000
Run-Time: 180 (Sec)
HV: 1689
Motor-Position: 45 0
Neslab-temp: -1234.0
SR630-temp: -1000.0  -1000.0  -1000.0
T1: T1 0.000000
T2: T2 0.000000
T3: T3 0.000000
T4: T4 0.000000
T5: T5 0.000000
Data:
    0     0     0     0     0     0     0     0     0     0     0     0     0     0     0     0 
    0     0     0     0     0     0     0     0     0     0     0     0     0     0     0     0 
    0     0     0     0     0     0     0     0     0     0     0     0     0     0     0     0 
    0     0     0     0     0     0     0     0     0     0     0     0     0     0     0     0 
    0     0     0     0     0     0     0     0     0     0     0     0     0     0     0     0 
    0     0     0     0     0     0     0     0     0     0     0     0     0     0     0     0 
    0     0     0     0     0     0     0     0     0     0     0     0     0     0     0     0 
    0     0     0     0     0     0     0     0     0     0     0     0     0     0     0     0 
    0     0     0     0     0     0     0     0     0     0     0     0     0     0     0     0 
    0     0     0     0     0     0     0     0     0     0     0     0     0     0     0     0 
    0     0     0     0     0     0     0     0     0     0     0     0     0     0     0     0 
    0     0     0     0     0     0     0     0     0     0     0     0     0     0     0     0 
    0     0     0     0     0     0     0     0     0     0     0     0     0     0     0     0 
    0     0     0     0     0     0     0     0     0     0     0     0     0     0     0     0 
    0     0     0     0     0     0     0     0     0     0     0     0     0     0     0     0 
    0     0     0     0     0     0     0     0     0     0     0     0     0     0     0     0 
    0     0     0     0     0     0     0     0     0     0     0     0     0     0     0     0 
    0     0     0     0     0     0     0     0     0     0     0     0     0     0     0     0 
    0     0     0     0     0     0     0     0     0     0     0     0     0     0     0     0 
    0     0     0     0     0     0     0     0     0     0     0     0     0     0     0     0 
    0     0     0     0     0     0     0     0     0     0     0     0     0     0     0     0 
    0     0     0     0     0     0     0     0     0     0     0     0     0     0     0     0 
    0     0     0     0 59244 27498   488   210   147   123   105   101    97   109    81    73 
   86    75    55    52    60    59    60    66    67    63    52    53    66    43    36    61 
   43    62    42    48    45    35    41    58    42    45    46    35    47    44    55    37 
   45    45    58    49    36    40    42    32    27    46    29    38    42    39    42    39 
   28    36    39    30    41    41    43    36    46    32    39    42    31    37    32    41 
   35    33    31    39    29    31    29    28    32    42    36    38    36    38    30    29 
   49    43    38    37    40    36    41    30    38    33    37    43    36    29    36    32 
   36    40    37    41    35    31    34    39    27    25    21    41    45    26    38    31 
   39    43    31    43    28    31    34    33    23    29    31    33    29    25    24    30 
   44    36    41    35    33    34    28    38    22    35    27    35    32    33    18    30 
   36    29    32    27    27    29    29    25    27    28    22    26    24    35    20    26 
   34    21    21    27    26    16    27    28    32    19    19    27    32    18    23    24 
   33    22    29    29    25    23    20    37    25    32    26    42    17    40    26    37 
   21    26    27    29    30    23    29    30    23    26    26    30    33    28    35    34 
   22    24    26    32    40    32    32    21    27    25    19    29    21    25    29    30 
   19    18    31    20    21    24    18    23    21    25    33    20    28    20    23    16 
   39    19    21    17    17    14    16    18    25    23    18    20    13    20    26    29 
   26    15    28    23    30    24    22    24    29    27    35    35    45    33    50    47 
   48    52    44    43    47    46    79    57    70    80    76    72    96    76   114   107 
   95   105   121   149   140   140   180   138   162   189   198   215   211   194   248   240 
  271   257   267   297   293   326   317   311   373   343   385   396   394   400   380   402 
  435   438   411   460   414   459   451   461   492   445   482   424   459   443   476   431 
  428   481   439   405   418   400   417   408   409   384   371   373   380   370   352   345 
  319   307   290   272   306   297   295   268   222   233   214   218   231   210   188   202 
  195   176   157   135   151   155   129   115   109   105   101    90    95    88    76    85 
   56    87    46    70    77    60    43    49    52    44    41    39    39    24    27    29 
   31    26    27    26    23    29    26    16    18    14    23    18    15    18    13    27 
   10    20    19     8     8    21    15    11     7     7    15    20    10    14    16    12 
   12    11     8     8    12    12     6    14    10    13     5     9    10    12     8     4 
    9     9    10    10     8     6     8    11     9     7     6     5     6     8     7     7 
    3     9     9     7     6     9     6    11     4    12    11     5    10    11     4     7 
    9    14     6     8     7     7    11     7    10     1     2     9     5    11     6    10 
    7     8     7     7     7    10     3    11     4     8     6     3     4     5     9     8 
    4     2     4     4     5     6     5     4    11     8     7     5     6     6     6     4 
    7     8     3     6     6     1     7     3     4     3     9     7     5     8     3     6 
    8     5     9     3     6     5     7     4     5     3     3     3     8     6     4     6 
    5     3     8     5     5     4     6     4     4     1     6     6     3     3     7     9 
    4     5    10     4     2     1     5     7     5     6     5     6     3     4     6     5 
    8     3     4     5     7     4     3    10     4     2     4     3     8     5     7     5 
   11     1     6     2     9     5     2    11     9     4     6     4     5     5     1     4 
    4     3     4     8     7     6     4     3     2     8     8     8    10     5     7     3 
    5     2     6     7     7     6     2     4     6     6     2     8     2     6     6  2652 
>> 02/25/2025 19:12:39
Sample: BGO
Run-Type: 2
Gate: 2000 (ns)
Pedestal: 357
Source-Energy: 1.000000 (MeV)
Channel-PE: 1.000000
Run-Time: 180 (Sec)
HV: 1689
Motor-Position: 65 0
Neslab-temp: -1234.0
SR630-temp: -1000.0  -1000.0  -1000.0
T1: T1 0.000000
T2: T2 0.000000
T3: T3 0.000000
T4: T4 0.000000
T5: T5 0.000000
Data:
    0     0     0     0     0     0     0     0     0     0     0     0     0     0     0     0 
    0     0     0     0     0     0     0     0     0     0     0     0     0     0     0     0 
    0     0     0     0     0     0     0     0     0     0     0     0     0     0     0     0 
    0     0     0     0     0     0     0     0     0     0     0     0     0     0     0     0 
    0     0     0     0     0     0     0     0     0     0     0     0     0     0     0     0 
    0     0     0     0     0     0     0     0     0     0     0     0     0     0     0     0 
    0     0     0     0     0     0     0     0     0     0     0     0     0     0     0     0 
    0     0     0     0     0     0     0     0     0     0     0     0     0     0     0     0 
    0     0     0     0     0     0     0     0     0     0     0     0     0     0     0     0 
    0     0     0     0     0     0     0     0     0     0     0     0     0     0     0     0 
    0     0     0     0     0     0     0     0     0     0     0     0     0     0     0     0 
    0     0     0     0     0     0     0     0     0     0     0     0     0     0     0     0 
    0     0     0     0     0     0     0     0     0     0     0     0     0     0     0     0 
    0     0     0     0     0     0     0     0     0     0     0     0     0     0     0     0 
    0     0     0     0     0     0     0     0     0     0     0     0     0     0     0     0 
    0     0     0     0     0     0     0     0     0     0     0     0     0     0     0     0 
    0     0     0     0     0     0     0     0     0     0     0     0     0     0     0     0 
    0     0     0     0     0     0     0     0     0     0     0     0     0     0     0     0 
    0     0     0     0     0     0     0     0     0     0     0     0     0     0     0     0 
    0     0     0     0     0     0     0     0     0     0     0     0     0     0     0     0 
    0     0     0     0     0     0     0     0     0     0     0     0     0     0     0     0 
    0     0     0     0     0     0     0     0     0     0     0     0     0     0     0     0 
    0     0     0     0 47030 40102   547   223   117   118   109    88    96    95    78    78 
   69    88    72    66    67    67    54    67    59    51    48    68    61    48    49    38 
   53    48    63    37    46    46    56    49    52    44    51    45    43    45    43    40 
   39    43    42    40    34    40    48    41    32    38    36    40    34    50    39    46 
   50    38    44    37    37    36    33    38    41    38    37    31    34    34    33    46 
   32    21    25    30    35    34    31    35    41    41    31    33    43    43    36    33 
   36    29    36    29    30    38    39    35    31    37    36    38    40    27    37    34 
   34    51    45    33    31    35    32    32    45    37    34    39    38    35    34    40 
   36    40    26    32    37    30    36    33    30    31    38    32    36    27    30    30 
   18    40    33    38    25    28    45    25    24    32    20    38    30    37    36    36 
   27    28    24    39    30    35    29    25    30    36    25    30    24    36    37    26 
   33    30    22    30    32    32    23    26    18    33    18    26    30    25    22    32 
   33    34    20    24    18    19    21    16    24    35    22    24    37    26    20    35 
   27    32    25    28    25    28    33    22    26    25    26    27    26    38    18    30 
   21    20    24    19    21    25    22    29    26    20    30    22    24    17    32    19 
   16    20    20    32    22    21    15    19    27    18    16    27    39    23    20    22 
   22    19    18    26    25    18    33    22    28    19    17    22    19    27    19    27 
   23    27    26    23    26    31    32    33    38    37    31    35    37    39    30    46 
   43    56    66    61    51    51    56    64    60    70    92    79    88   104   107   100 
   94   118   156   139   151   172   174   178   190   188   205   204   217   227   284   243 
  270   279   307   266   327   289   385   324   372   361   402   377   378   407   360   432 
  427   423   493   435   441   458   472   445   467   469   448   411   470   468   473   457 
  425   462   407   428   428   394   403   393   402   384   378   361   338   366   372   337 
  320   309   287   297   289   271   234   251   242   267   222   228   215   187   160   158 
  168   145   161   146   127   138   140   132   109    95    83    86    76    85    81    80 
   72    68    54    54    56    47    40    51    48    43    37    37    37    27    33    32 
   27    34    19    23    28    15    25    20    16    11    23    21     6    12    17    10 
   15    19    13    11    10    21    11    10    13     9     9    11    12    10     7     7 
   13    11     9     9     3    14    14     7     6     9     5     6     6    15     7     7 
    9     9    10     9    11    13    10     8    11     6     8     7     8     9     8     7 
    9     6    11     3    10    11    11     5     8    11    14     6     5     9     6    10 
    8     4     8    16     5    10     1     3    15     7    11     5     7     1     8     5 
    6    11     5     9    10     3     7     5     5     6     5     6     5     3     7     8 
    4     5     8     7     2     9     5     3     7     5     3     7     7     3     5     5 
    6     4    10     4     6     6     5     1     3     6     7     2     4     4     5     3 
    4     4     5     5     2     6     3     5     7     5     1     1     3     4     3     4 
    6     4     4     2     6     8     2     5     2     6     4     5     6     5    10     4 
    7     8     1     5     8     8     1     4     5     4     2     3     8     4     8     2 
    2     3     4     1     2     6     4     4     9     4     2     7     2     7     3     2 
    8     4     7     3     3     7     6     8     8     7     4     4     6     4     2     2 
    7     3     2     5     8     4     3     3     4     6     5     7     5     3     3     3 
    1     6     7     2     6     3     2     5     3     8     6     5     5     6     5  2557 
>> 02/25/2025 19:19:19
Sample: BGO
Run-Type: 2
Gate: 2000 (ns)
Pedestal: 357
Source-Energy: 1.000000 (MeV)
Channel-PE: 1.000000
Run-Time: 180 (Sec)
HV: 1689
Motor-Position: 85 0
Neslab-temp: -1234.0
SR630-temp: -1000.0  -1000.0  -1000.0
T1: T1 0.000000
T2: T2 0.000000
T3: T3 0.000000
T4: T4 0.000000
T5: T5 0.000000
Data:
    0     0     0     0     0     0     0     0     0     0     0     0     0     0     0     0 
    0     0     0     0     0     0     0     0     0     0     0     0     0     0     0     0 
    0     0     0     0     0     0     0     0     0     0     0     0     0     0     0     0 
    0     0     0     0     0     0     0     0     0     0     0     0     0     0     0     0 
    0     0     0     0     0     0     0     0     0     0     0     0     0     0     0     0 
    0     0     0     0     0     0     0     0     0     0     0     0     0     0     0     0 
    0     0     0     0     0     0     0     0     0     0     0     0     0     0     0     0 
    0     0     0     0     0     0     0     0     0     0     0     0     0     0     0     0 
    0     0     0     0     0     0     0     0     0     0     0     0     0     0     0     0 
    0     0     0     0     0     0     0     0     0     0     0     0     0     0     0     0 
    0     0     0     0     0     0     0     0     0     0     0     0     0     0     0     0 
    0     0     0     0     0     0     0     0     0     0     0     0     0     0     0     0 
    0     0     0     0     0     0     0     0     0     0     0     0     0     0     0     0 
    0     0     0     0     0     0     0     0     0     0     0     0     0     0     0     0 
    0     0     0     0     0     0     0     0     0     0     0     0     0     0     0     0 
    0     0     0     0     0     0     0     0     0     0     0     0     0     0     0     0 
    0     0     0     0     0     0     0     0     0     0     0     0     0     0     0     0 
    0     0     0     0     0     0     0     0     0     0     0     0     0     0     0     0 
    0     0     0     0     0     0     0     0     0     0     0     0     0     0     0     0 
    0     0     0     0     0     0     0     0     0     0     0     0     0     0     0     0 
    0     0     0     0     0     0     0     0     0     0     0     0     0     0     0     0 
    0     0     0     0     0     0     0     0     0     0     0     0     0     0     0     0 
    0     0     0     0 29131 58871   566   224   151   123   101   112    96    75    71    66 
   72    74    69    74    60    48    47    62    48    50    60    64    57    49    52    59 
   50    62    48    48    31    35    48    38    56    48    37    45    42    59    52    39 
   48    46    53    47    47    50    40    45    51    32    46    31    44    45    48    35 
   40    49    37    41    31    41    38    44    26    30    37    37    52    39    37    40 
   46    37    36    32    27    43    34    30    27    39    34    32    30    40    32    42 
   39    41    35    39    33    28    29    32    32    30    33    27    36    43    32    17 
   31    33    38    38    37    32    24    35    39    33    35    38    26    36    33    35 
   25    31    38    36    42    39    44    29    31    33    38    27    28    31    24    36 
   26    28    39    31    36    42    40    32    19    31    30    21    22    27    32    28 
   25    25    33    26    24    27    37    27    24    24    30    26    36    20    30    29 
   29    28    24    33    31    18    18    31    30    35    24    28    26    21    28    23 
   31    21    25    27    19    32    24    19    30    27    40    21    23    26    22    27 
   26    25    29    23    25    22    33    24    27    27    30    28    34    21    24    33 
   27    24    25    22    22    19    23    32    16    22    25    16    19    33    21    27 
   28    25    30    24    22    21    22    28    16    27    28    30    24    21    20    22 
   26    16    20    25    19    19    19    17    18    20    24    26    29    32    27    25 
   23    32    19    34    28    22    24    19    27    26    33    43    32    41    34    45 
   52    57    59    56    55    55    76    64    55    66   100    97    82    95   110   109 
  106   107   124   150   144   158   174   167   196   195   203   205   240   238   239   243 
  309   284   259   311   327   347   333   344   330   320   388   392   388   422   408   433 
  420   443   416   473   481   457   441   431   455   473   441   447   461   454   455   398 
  426   435   427   412   430   397   386   422   394   366   408   341   337   347   318   316 
  286   321   297   279   258   255   265   236   209   231   219   215   202   202   177   177 
  140   154   141   155   157   120   131   116   105   104    81    96    75    70    80    64 
   69    63    68    58    54    47    35    47    40    44    35    35    31    33    29    32 
   35    13    13    20    12    24    20    25    20    18    16    21    16    13    26    14 
   13    13     7    15    14    20     8    12    15     9    10     9     9     9    10     8 
   10     7     8     7    11    16     8    13     6     8    12     5    15    10     8    10 
    8    12     5    10     9     7    10    12     9    18     5    11    13     5     6     4 
    6    11     7     7    10     8     5     5     6     6     2     6     7    10     3     5 
    6    10     6     4     6     7     9     7    11     2     5     4     3     5     5     8 
    5     7     5     4     5     4     7     7     4     7     6     5     3     6     2     3 
    5     5     3     4     5     5     7     2    10     4    10     5     4     7     8     4 
    6     3     9     7     5     6     5     5     7     7     9     7     4     7     4     5 
    6     5     1     3     3     5     4     6     4     9     7     4     1     3     3     7 
    4     2     5     6     5     3     4     6     4     5     1     6     4     4     2     8 
    3     3     2     5     8     2     0     7     7     4     5     5     5     4     5     5 
    3     4     6     7     3     5     4     3     5     7     8     4     1     4     4     4 
    6     2     5     6     2     9     5     4     7     2     7     3     4     2     6     2 
    4     2     5     2     5     9     5     3     9     6     4     5     4     7     7     9 
    4     2     4     8     4     6     5     7     8     6     6     7     3     4     4  2555 
>> 02/25/2025 19:29:37
Sample: BGO
Run-Type: 2
Gate: 2000 (ns)
Pedestal: 357
Source-Energy: 1.000000 (MeV)
Channel-PE: 1.000000
Run-Time: 180 (Sec)
HV: 1689
Motor-Position: 105 0
Neslab-temp: -1234.0
SR630-temp: -1000.0  -1000.0  -1000.0
T1: T1 0.000000
T2: T2 0.000000
T3: T3 0.000000
T4: T4 0.000000
T5: T5 0.000000
Data:
    0     0     0     0     0     0     0     0     0     0     0     0     0     0     0     0 
    0     0     0     0     0     0     0     0     0     0     0     0     0     0     0     0 
    0     0     0     0     0     0     0     0     0     0     0     0     0     0     0     0 
    0     0     0     0     0     0     0     0     0     0     0     0     0     0     0     0 
    0     0     0     0     0     0     0     0     0     0     0     0     0     0     0     0 
    0     0     0     0     0     0     0     0     0     0     0     0     0     0     0     0 
    0     0     0     0     0     0     0     0     0     0     0     0     0     0     0     0 
    0     0     0     0     0     0     0     0     0     0     0     0     0     0     0     0 
    0     0     0     0     0     0     0     0     0     0     0     0     0     0     0     0 
    0     0     0     0     0     0     0     0     0     0     0     0     0     0     0     0 
    0     0     0     0     0     0     0     0     0     0     0     0     0     0     0     0 
    0     0     0     0     0     0     0     0     0     0     0     0     0     0     0     0 
    0     0     0     0     0     0     0     0     0     0     0     0     0     0     0     0 
    0     0     0     0     0     0     0     0     0     0     0     0     0     0     0     0 
    0     0     0     0     0     0     0     0     0     0     0     0     0     0     0     0 
    0     0     0     0     0     0     0     0     0     0     0     0     0     0     0     0 
    0     0     0     0     0     0     0     0     0     0     0     0     0     0     0     0 
    0     0     0     0     0     0     0     0     0     0     0     0     0     0     0     0 
    0     0     0     0     0     0     0     0     0     0     0     0     0     0     0     0 
    0     0     0     0     0     0     0     0     0     0     0     0     0     0     0     0 
    0     0     0     0     0     0     0     0     0     0     0     0     0     0     0     0 
    0     0     0     0     0     0     0     0     0     0     0     0     0     0     0     0 
    0     0     0     0 61686 27093   435   194   141   110    97    88    99    71    91    86 
   77    72    62    61    63    60    66    58    51    62    56    65    50    56    43    64 
   33    70    50    38    41    51    55    34    52    42    46    49    51    53    54    37 
   47    33    34    39    44    45    38    44    44    30    45    38    40    44    34    37 
   40    36    27    29    46    41    24    40    35    49    32    29    31    37    42    37 
   42    37    39    36    40    38    26    37    22    39    31    37    34    30    40    33 
   35    35    28    37    41    46    36    34    32    29    42    34    35    38    28    36 
   33    34    35    34    36    44    29    44    27    28    26    39    33    28    27    34 
   32    31    35    33    25    40    36    27    36    20    33    31    40    33    28    22 
   33    43    33    27    34    35    29    26    32    21    35    22    21    28    32    26 
   17    28    31    34    28    26    31    28    22    31    24    22    29    29    17    17 
   28    25    25    24    26    32    28    24    24    25    28    28    26    28    15    26 
   20    22    21    24    25    23    18    27    22    28    25    26    21    26    23    26 
   18    27    28    26    23    26    23    22    32    27    24    29    16    30    17    31 
   32    25    22    36    21    23    23    32    22    25    20    23    24    24    16    22 
   20    18    23    23    26    16    20    22    24    19    24    15    16    19    23    27 
   23    20    16    18    20    21     8    25    23    24    14    23    18    19    26    27 
   23    17    30    28    32    35    37    38    26    41    36    39    31    38    42    40 
   36    43    41    60    52    49    40    65    65    66    78    76    94    89    86    97 
  102    96   101   108    98   124   140   161   167   175   178   190   178   206   235   257 
  240   243   289   272   298   296   302   311   317   367   359   392   403   383   357   383 
  406   376   432   434   438   421   480   458   437   461   410   446   454   459   453   450 
  455   461   468   435   422   407   404   375   408   390   416   380   353   362   353   313 
  352   321   344   321   294   287   271   266   251   247   235   251   239   221   209   219 
  174   175   159   153   155   130   131   116   109   113   114   102    93    96    91    95 
   80    68    75    55    49    68    56    48    42    48    42    39    43    35    33    33 
   35    26    26    23    30    27    25    13    27    13    11    24    12    20    14    12 
   21    12    15     9     8    10    12    14    10    13    11    11    16     9     6     9 
    7     9    11     6     7     8    10     5     7     6     8     5     7    10     9     7 
    7     8    11     7     9     6     5     9     6     3    14     8     6    10     8     6 
    4     7     6     9     6     5     2     8     4    13    13     6     6    13    14     7 
    6     6     7    10     6     5     8     6     5     6     1     4     5     6     5     2 
    7     2     8     7     4    13     4     5     4     2     6     0     8     4     5     9 
    4     4     1     4     9     4     6     6     5     5     5     7     5     5     7     2 
    6     5     5     5     2     6     5     6     4     2     5     4     2     3     5     5 
    2     6     7     3     2     8     7     3     4     5     4     4     4     4     6     5 
    3     2     7     2     3     4     4     6     3     2     4     5     4    11     3     1 
    6     5     2     3     3     3     2     3     4     4     0     2     3     6     4     3 
    8     5     3     6     6     6     7     3     5     5     5     3     2     2     2     2 
    4     3     6     4     2     3     5     4     4     3     2     4     4     5     4     5 
    4     4     5     4     6     4     3     4     2     7     6     7     3     2     7     5 
    5     4     3     4     5     3     3     6    13     7     6     6     3     3     5  2317 
>> 02/25/2025 19:35:02
Sample: BGO
Run-Type: 2
Gate: 2000 (ns)
Pedestal: 357
Source-Energy: 1.000000 (MeV)
Channel-PE: 1.000000
Run-Time: 180 (Sec)
HV: 1689
Motor-Position: 125 0
Neslab-temp: -1234.0
SR630-temp: -1000.0  -1000.0  -1000.0
T1: T1 0.000000
T2: T2 0.000000
T3: T3 0.000000
T4: T4 0.000000
T5: T5 0.000000
Data:
    0     0     0     0     0     0     0     0     0     0     0     0     0     0     0     0 
    0     0     0     0     0     0     0     0     0     0     0     0     0     0     0     0 
    0     0     0     0     0     0     0     0     0     0     0     0     0     0     0     0 
    0     0     0     0     0     0     0     0     0     0     0     0     0     0     0     0 
    0     0     0     0     0     0     0     0     0     0     0     0     0     0     0     0 
    0     0     0     0     0     0     0     0     0     0     0     0     0     0     0     0 
    0     0     0     0     0     0     0     0     0     0     0     0     0     0     0     0 
    0     0     0     0     0     0     0     0     0     0     0     0     0     0     0     0 
    0     0     0     0     0     0     0     0     0     0     0     0     0     0     0     0 
    0     0     0     0     0     0     0     0     0     0     0     0     0     0     0     0 
    0     0     0     0     0     0     0     0     0     0     0     0     0     0     0     0 
    0     0     0     0     0     0     0     0     0     0     0     0     0     0     0     0 
    0     0     0     0     0     0     0     0     0     0     0     0     0     0     0     0 
    0     0     0     0     0     0     0     0     0     0     0     0     0     0     0     0 
    0     0     0     0     0     0     0     0     0     0     0     0     0     0     0     0 
    0     0     0     0     0     0     0     0     0     0     0     0     0     0     0     0 
    0     0     0     0     0     0     0     0     0     0     0     0     0     0     0     0 
    0     0     0     0     0     0     0     0     0     0     0     0     0     0     0     0 
    0     0     0     0     0     0     0     0     0     0     0     0     0     0     0     0 
    0     0     0     0     0     0     0     0     0     0     0     0     0     0     0     0 
    0     0     0     0     0     0     0     0     0     0     0     0     0     0     0     0 
    0     0     0     0     0     0     0     0     0     0     0     0     0     0     0     0 
    0     0     0     0  4546 20296   390   151   128    82   108    66    92    69    83    71 
   75    58    67    69    63    57    46    56    56    54    43    53    55    39    61    49 
   52    48    39    39    43    49    36    38    35    37    43    56    37    36    34    34 
   37    34    46    40    47    34    39    37    48    30    38    33    36    34    29    35 
   25    44    31    45    37    27    33    44    39    26    41    32    35    33    31    29 
   40    40    32    28    28    28    29    31    27    30    40    29    21    36    31    36 
   37    29    40    34    28    27    35    29    33    39    28    34    34    34    25    30 
   33    26    35    34    38    25    15    26    29    35    32    35    35    32    35    26 
   46    35    26    30    28    25    29    29    31    16    26    33    31    33    29    23 
   28    23    39    25    29    37    23    31    23    21    30    30    26    25    32    26 
   23    25    23    20    26    20    25    31    13    29    13    25    29    15    24    26 
   25    21    23    18    26    30    26    30    22    22    30    26    24    21    29    22 
   18    20    32    26    27    21    34    24    22    21    30    26    29    25    28    21 
   19    16    14    26    31    19    25    16    25    23    33    22    28    20    28    19 
   27    24    29    30    30    20    27    18    27    28    27    33    24    22    19    20 
   26    21    16    25    16    24    18    20    18    16    20    17    17    21    16    17 
   16    21    12    20    21    15    25    17    17    25    20    18    17    21    24    11 
   17    29    18    20    21    20    25    23    24    18    17    30    14    35    27    30 
   18    36    35    34    27    42    55    47    45    53    64    45    57    63    69    58 
   83    79    92    88   112   101    81   111   126   116   124   119   139   170   164   165 
  185   167   209   198   208   281   260   251   294   276   268   318   292   305   345   332 
  335   386   363   365   384   371   392   414   452   415   414   431   419   429   461   457 
  450   437   472   436   426   430   415   430   422   435   417   406   406   391   390   362 
  419   360   354   343   372   342   339   321   312   316   280   302   251   304   263   231 
  234   225   203   220   192   162   187   206   167   172   163   154   125   130   118   104 
  110   110   114    91    79    85    87    80    72    73    60    64    63    48    47    42 
   41    37    32    36    31    31    30    23    25    17    22    19    24    17    21    21 
   14    20    13    17     9    15    14    13     9     9    10    10    15     9     5    11 
    7     9     6     9    10    11     4     5     2    11    10    10     4     9     9     9 
    5    13     7     4     9     6     7     8     6     3     6     9     7     8     8     3 
    4     9     5    12     6     9     7     2     8     9     6     6     7     9     5     2 
    4     3     3     5     6     5     4     7     7     4     8     2     8     4     4     9 
    7     2     5     7     4     6     4     6     3     3     5     3     2     6     4     3 
    3     8     2     6     5     1     2     7     0     3     4     7     5     3     6     6 
    8     4     6     8     1     2     2     2     3     6     6     8     5     5     4     5 
    6     4     4     3     3     4     4     7     8     4    10     4     5     6     3     4 
    6     5     6     3     4     2     3     2     7     4     2     4     5     2     1     3 
    3     2     5     1     0     5     4     4     5     6     4     6     1     6     7     4 
    4     0     3     1     4     3     4     7     4     1     5     1     6     2     4     2 
    1     7    12     1     5     1     4     3     6     5     3     3     6     2     5     2 
    6     6     5     1     2     3     3     5     1     4     1     3     4     6     6     3 
    3     4     2     4     5     3     3     3     7     6     1     4     2     2     2  1892 
