>> 02/26/2025 14:32:13
Sample: BGO
Run-Type: 2
Gate: 2000 (ns)
Pedestal: 357
Source-Energy: 1.000000 (MeV)
Channel-PE: 1.000000
Run-Time: 181 (Sec)
HV: 1689
Motor-Position: 25 0
Neslab-temp: -1234.0
SR630-temp: -1000.0  -1000.0  -1000.0
T1: T1 0.000000
T2: T2 0.000000
T3: T3 0.000000
T4: T4 0.000000
T5: T5 0.000000
Data:
    0     0     0     0     0     0     0     0     0     0     0     0     0     0     0     0 
    0     0     0     0     0     0     0     0     0     0     0     0     0     0     0     0 
    0     0     0     0     0     0     0     0     0     0     0     0     0     0     0     0 
    0     0     0     0     0     0     0     0     0     0     0     0     0     0     0     0 
    0     0     0     0     0     0     0     0     0     0     0     0     0     0     0     0 
    0     0     0     0     0     0     0     0     0     0     0     0     0     0     0     0 
    0     0     0     0     0     0     0     0     0     0     0     0     0     0     0     0 
    0     0     0     0     0     0     0     0     0     0     0     0     0     0     0     0 
    0     0     0     0     0     0     0     0     0     0     0     0     0     0     0     0 
    0     0     0     0     0     0     0     0     0     0     0     0     0     0     0     0 
    0     0     0     0     0     0     0     0     0     0     0     0     0     0     0     0 
    0     0     0     0     0     0     0     0     0     0     0     0     0     0     0     0 
    0     0     0     0     0     0     0     0     0     0     0     0     0     0     0     0 
    0     0     0     0     0     0     0     0     0     0     0     0     0     0     0     0 
    0     0     0     0     0     0     0     0     0     0     0     0     0     0     0     0 
    0     0     0     0     0     0     0     0     0     0     0     0     0     0     0     0 
    0     0     0     0     0     0     0     0     0     0     0     0     0     0     0     0 
    0     0     0     0     0     0     0     0     0     0     0     0     0     0     0     0 
    0     0     0     0     0     0     0     0     0     0     0     0     0     0     0     0 
    0     0     0     0     0     0     0     0     0     0     0     0     0     0     0     0 
    0     0     0     0     0     0     0     0     0     0     0     0     0     0     0     0 
    0     0     0     0     0     0     0     0     0     0     0     0     0     0     0     0 
    0     0     0     0     0 13776  1940   408   192   157   117   107    93    98    80    81 
   81    57    74    71    52    51    64    68    64    65    58    66    66    43    49    52 
   56    51    41    36    54    48    53    54    39    48    61    45    43    48    42    42 
   51    45    30    43    36    55    30    44    41    47    39    40    34    42    37    37 
   35    41    46    36    33    35    46    38    36    37    27    41    48    48    33    34 
   36    35    39    44    36    42    43    38    32    38    24    35    39    36    34    20 
   38    34    38    36    35    45    35    32    42    28    41    23    40    33    37    33 
   29    33    25    34    37    42    25    35    28    32    26    42    41    31    39    33 
   36    38    33    29    38    38    34    36    46    35    32    24    37    33    36    33 
   29    32    37    31    37    24    25    33    27    33    25    31    31    36    26    35 
   42    20    31    34    21    30    24    29    31    18    37    29    33    30    20    30 
   31    25    26    23    34    32    39    34    25    25    23    24    31    37    21    24 
   31    24    34    19    20    32    25    25    20    23    16    26    24    25    27    27 
   22    25    27    28    28    23    25    24    17    29    31    25    30    31    22    32 
   28    23    21    40    34    30    28    30    23    21    27    23    24    24    29    25 
   28    30    33    32    32    21    25    33    23    20    26    27    31    24    22    26 
   19    23    17    25    20    19    22    17    16    34    15    23    25    23    19    23 
   18    21    14    17    15    15    17    27    20    20    19    24    22    11    27    32 
   19    18    26    32    21    24    24    17    29    35    32    38    30    41    37    32 
   37    32    43    58    45    55    52    56    58    56    80    71    62    75    96    92 
   96   112   102   121   131   136   130   147   149   151   158   188   184   219   193   224 
  211   229   246   263   260   276   304   315   313   308   340   362   342   360   388   388 
  418   385   393   385   417   391   418   452   452   438   425   489   420   469   440   483 
  487   457   492   428   457   458   433   414   437   429   417   396   425   364   404   410 
  358   320   347   355   315   365   362   298   287   293   279   266   232   274   222   243 
  226   196   213   192   174   180   181   160   141   140   135   124   126   116   110   129 
   98    99    84    87    72    88    66    72    52    69    40    56    66    52    38    38 
   41    35    40    48    35    39    37    33    21    22    30    24    14    20    14    13 
   12    20    20    15    16    12    12    11    21    12    12    14     9    14    14     5 
   17    13    11     4    10    10     6    13    12     3    12    10    13     9     9    10 
    9     9    10     9     8     5     7     7    12     9    11     4    14     8     6     8 
   10     8    12    14     6    11     6     6     8    10     1     6    16     8    10     6 
   12    11     7     7     5    10    10     6     8     4    10    11     4     8    10     8 
   11     8     8     9     8     6     2     8     6     8    11     5     5     2     9    10 
    8     5     5    10    12     6     8     5    10     7     0     5     7     8     3    11 
    8     8     2     9     5     5     6     5     6     4     3     4     1     5     3     4 
    6     4     5     7    11     4     2     6     4     7     2     3     3     3     4     6 
    2     5     3     7     8     2     5     6     3     5     6     2     7     5     5     8 
    4     8     5     5     2     2     3     6     4     3     6     4     2     1     6     3 
    5     6     4     2     2     2     6     3     4     5     3     5    11     3     2     5 
    3     6     2     5     4     5     6     0     2     5     6     4     3     4     3     4 
    6     5     5     4     6     2     3     5     5     5     4     2     8     7     4  2883 
>> 02/26/2025 14:35:38
Sample: BGO
Run-Type: 2
Gate: 2000 (ns)
Pedestal: 357
Source-Energy: 1.000000 (MeV)
Channel-PE: 1.000000
Run-Time: 180 (Sec)
HV: 1689
Motor-Position: 45 0
Neslab-temp: -1234.0
SR630-temp: -1000.0  -1000.0  -1000.0
T1: T1 0.000000
T2: T2 0.000000
T3: T3 0.000000
T4: T4 0.000000
T5: T5 0.000000
Data:
    0     0     0     0     0     0     0     0     0     0     0     0     0     0     0     0 
    0     0     0     0     0     0     0     0     0     0     0     0     0     0     0     0 
    0     0     0     0     0     0     0     0     0     0     0     0     0     0     0     0 
    0     0     0     0     0     0     0     0     0     0     0     0     0     0     0     0 
    0     0     0     0     0     0     0     0     0     0     0     0     0     0     0     0 
    0     0     0     0     0     0     0     0     0     0     0     0     0     0     0     0 
    0     0     0     0     0     0     0     0     0     0     0     0     0     0     0     0 
    0     0     0     0     0     0     0     0     0     0     0     0     0     0     0     0 
    0     0     0     0     0     0     0     0     0     0     0     0     0     0     0     0 
    0     0     0     0     0     0     0     0     0     0     0     0     0     0     0     0 
    0     0     0     0     0     0     0     0     0     0     0     0     0     0     0     0 
    0     0     0     0     0     0     0     0     0     0     0     0     0     0     0     0 
    0     0     0     0     0     0     0     0     0     0     0     0     0     0     0     0 
    0     0     0     0     0     0     0     0     0     0     0     0     0     0     0     0 
    0     0     0     0     0     0     0     0     0     0     0     0     0     0     0     0 
    0     0     0     0     0     0     0     0     0     0     0     0     0     0     0     0 
    0     0     0     0     0     0     0     0     0     0     0     0     0     0     0     0 
    0     0     0     0     0     0     0     0     0     0     0     0     0     0     0     0 
    0     0     0     0     0     0     0     0     0     0     0     0     0     0     0     0 
    0     0     0     0     0     0     0     0     0     0     0     0     0     0     0     0 
    0     0     0     0     0     0     0     0     0     0     0     0     0     0     0     0 
    0     0     0     0     0     0     0     0     0     0     0     0     0     0     0     0 
    0     0     0     0     0 14399  1623   393   185   149   122    96   103    92    80    83 
   79    76    77    73    57    68    63    59    65    68    51    67    49    60    56    67 
   54    52    41    36    49    55    43    53    43    42    50    37    50    43    38    46 
   45    38    40    51    44    43    43    41    34    29    35    31    43    45    36    37 
   33    47    34    34    33    40    35    46    48    47    32    38    33    43    41    33 
   36    46    38    31    35    38    44    41    39    32    43    36    38    43    30    36 
   26    47    31    31    42    33    44    42    38    30    37    34    27    33    40    30 
   28    38    29    29    40    33    33    36    20    37    38    31    37    28    38    31 
   38    35    20    36    37    39    32    41    28    30    30    15    26    33    27    34 
   34    34    30    32    32    20    41    32    31    20    27    28    35    23    28    32 
   24    29    30    34    32    29    25    38    28    26    22    25    35    18    29    33 
   24    17    20    25    27    26    26    26    26    32    16    29    30    30    21    24 
   24    27    26    31    20    28    33    20    25    23    31    33    23    26    24    28 
   27    25    35    23    25    19    21    31    19    23    25    23    30    28    22    24 
   26    25    13    16    29    31    28    29    40    31    35    33    27    29    19    26 
   31    31    24    24    22    19    39    27    29    25    17    25    15    26    25    25 
   12    22    20    17    30    28    24    18    29    25    18    22    17    25    20    24 
   21    22    21    23    17    24    26    14    22    24    22    27    21    26    22    23 
   22    30    30    23    27    31    26    37    25    28    23    41    34    39    53    47 
   49    45    60    46    58    60    76    71    67    76    79    90    92   122    99   107 
  102   112   124   119   136   134   149   153   166   160   171   191   206   251   238   239 
  211   281   256   275   280   309   350   318   302   347   346   377   352   356   402   391 
  396   420   416   433   480   462   416   453   448   420   468   474   475   454   448   475 
  462   448   447   500   486   431   457   378   435   413   402   425   375   411   351   332 
  355   338   343   317   329   301   262   320   262   226   247   231   231   244   217   206 
  190   213   173   189   165   142   167   143   158   150   127   130    94    98   105    88 
   98    86    82    93    82    69    65    50    48    41    50    36    46    44    47    29 
   42    47    38    32    29    25    32    19    17    16    19    23    18    25     9    21 
    9    17    21    19    16    17    18    10    14     7    15     8    13    11    11     8 
    6    14    14     9    11    16    12     9     9     4     6     6    16    11     4    13 
    7     3     9     9     6    13     9    12    10    12    14     9     8     3    10     8 
    8     6     9    16    13     9     6    10     7     8    10    10     7     7     7    12 
    6    13    12    11     4     8     4     6     5     7     9     6     8    12     8     5 
    3     5     5     9     5     6     6    10     7     7     5    10     8     7     0     5 
    5     9     7     6     2     6     3     6     7     8     5     4     3     5     5     9 
    3     8     4     5     4     5     7    10     6     7     3    11     6     6    12     3 
    5     2     4     4     3     6     7     3     3     2     5     5     2     6     5     5 
    6     1     6     4     7     5     4     6     5     8     2     3     6     2     5     3 
    7     8     5     5     2     5     6     3     5     6     5     7     6     5     8     4 
    2     1     6     4     6     7     3     8     6     6     2     3     4     3     2     5 
    7     5     6     1     1     3     9     3     2     4     5     8     5     4     2     1 
    4     3     0     3     6     3     6     6     7     4     7     3     9     6     2  2918 
>> 02/26/2025 14:42:45
Sample: BGO
Run-Type: 2
Gate: 2000 (ns)
Pedestal: 357
Source-Energy: 1.000000 (MeV)
Channel-PE: 1.000000
Run-Time: 180 (Sec)
HV: 1689
Motor-Position: 65 0
Neslab-temp: -1234.0
SR630-temp: -1000.0  -1000.0  -1000.0
T1: T1 0.000000
T2: T2 0.000000
T3: T3 0.000000
T4: T4 0.000000
T5: T5 0.000000
Data:
    0     0     0     0     0     0     0     0     0     0     0     0     0     0     0     0 
    0     0     0     0     0     0     0     0     0     0     0     0     0     0     0     0 
    0     0     0     0     0     0     0     0     0     0     0     0     0     0     0     0 
    0     0     0     0     0     0     0     0     0     0     0     0     0     0     0     0 
    0     0     0     0     0     0     0     0     0     0     0     0     0     0     0     0 
    0     0     0     0     0     0     0     0     0     0     0     0     0     0     0     0 
    0     0     0     0     0     0     0     0     0     0     0     0     0     0     0     0 
    0     0     0     0     0     0     0     0     0     0     0     0     0     0     0     0 
    0     0     0     0     0     0     0     0     0     0     0     0     0     0     0     0 
    0     0     0     0     0     0     0     0     0     0     0     0     0     0     0     0 
    0     0     0     0     0     0     0     0     0     0     0     0     0     0     0     0 
    0     0     0     0     0     0     0     0     0     0     0     0     0     0     0     0 
    0     0     0     0     0     0     0     0     0     0     0     0     0     0     0     0 
    0     0     0     0     0     0     0     0     0     0     0     0     0     0     0     0 
    0     0     0     0     0     0     0     0     0     0     0     0     0     0     0     0 
    0     0     0     0     0     0     0     0     0     0     0     0     0     0     0     0 
    0     0     0     0     0     0     0     0     0     0     0     0     0     0     0     0 
    0     0     0     0     0     0     0     0     0     0     0     0     0     0     0     0 
    0     0     0     0     0     0     0     0     0     0     0     0     0     0     0     0 
    0     0     0     0     0     0     0     0     0     0     0     0     0     0     0     0 
    0     0     0     0     0     0     0     0     0     0     0     0     0     0     0     0 
    0     0     0     0     0     0     0     0     0     0     0     0     0     0     0     0 
    0     0     0     0     1 13858  1323   349   163   133   124   107    95   106    82    66 
   65    85    76    66    72    72    78    71    60    45    54    53    46    53    49    54 
   57    50    42    50    56    47    41    44    44    47    35    44    55    49    43    53 
   47    36    40    40    46    42    25    49    35    50    41    38    46    55    32    55 
   37    40    46    30    30    36    33    39    35    48    36    34    27    37    38    34 
   39    39    45    39    29    40    20    38    43    56    40    33    42    30    44    32 
   43    48    27    31    35    42    39    32    47    34    36    34    30    19    27    35 
   45    31    45    40    49    36    37    29    37    35    26    41    36    27    26    33 
   27    25    31    25    47    40    35    32    33    28    27    27    31    34    26    41 
   25    33    30    23    28    37    32    35    32    32    34    27    36    37    23    28 
   19    29    31    37    24    28    23    32    19    18    32    28    31    23    28    23 
   27    29    24    24    24    24    25    31    31    22    25    30    26    35    26    27 
   32    22    16    27    26    29    26    24    33    23    32    30    32    26    31    35 
   30    27    22    26    29    24    29    30    30    32    27    34    30    24    31    34 
   20    26    36    31    21    17    32    37    26    22    17    32    27    27    23    29 
   29    19    25    19    17    27    29    33    21    25    25    27    28    26    20    27 
   26    21    24    25    19    23    25    21    20    19    26    19    23    25    12    22 
   23    25    25    15    26    27    19    30    31    28    31    22    29    28    30    24 
   32    21    29    27    28    42    39    37    40    35    39    27    43    46    41    51 
   39    44    57    63    63    66    66    70    65    54    92    91    87   105    92   100 
  102   126   120   131   138   160   164   179   189   201   210   225   241   244   277   238 
  266   241   284   295   281   318   345   345   339   350   342   380   384   380   422   419 
  432   408   418   455   441   456   456   452   509   492   460   537   448   453   490   464 
  445   453   475   424   444   465   410   440   416   398   403   430   386   421   350   360 
  352   348   318   314   365   283   306   279   275   262   272   225   245   205   206   187 
  200   177   179   163   154   167   147   122   135   110   100   108   122   113    92    85 
   68    77    74    61    52    50    49    57    55    43    47    42    52    34    35    33 
   41    37    35    25    26    27    19    24    18    22    26    21    25    16    18    17 
   18    14     6    20    14    15    18    13    18    14    15     8     8     8    14    12 
    8    14    10    10    13     4     7     9     9     5     8     6     9     9     7    13 
   16    10    10    16    10     2    14     9     7    15     9     9     6    12     7    10 
    9     6     8     8     8     9     5     3    16    10     8    10    12     6     9     9 
   12     5     6     9     9     6     6     7     7     5     5     5     6     9     5     5 
    7     7     4     1     5     4     3     8     9    10     7     8    13    11     4     6 
    5     9     3     6     5     7     5     8    11     4     4     6     7     7     7     7 
    4     6     6     4     4     7     3     3    10     7     6     6     5     4     3     7 
    7     3     2     4     7     9     4     3     5     6     4     7    10     2     5     4 
    1     5     0     4     0     5     3     8     7     4     5     5     4    11     8     2 
    3     2     5    11     6     1     4     4     9     2     5     2     4     8     8     6 
    5     4     8     5     6     5     6     8     5     6     3     9    10     6     4     5 
    3     2     5     7     7     6     5     6     2    11     5     8     4     5     4     5 
    0     3     4     4     4     2     6     2     4     5     5     6     7     5     5  3047 
>> 02/26/2025 14:46:35
Sample: BGO
Run-Type: 2
Gate: 2000 (ns)
Pedestal: 357
Source-Energy: 1.000000 (MeV)
Channel-PE: 1.000000
Run-Time: 179 (Sec)
HV: 1689
Motor-Position: 85 0
Neslab-temp: -1234.0
SR630-temp: -1000.0  -1000.0  -1000.0
T1: T1 0.000000
T2: T2 0.000000
T3: T3 0.000000
T4: T4 0.000000
T5: T5 0.000000
Data:
    0     0     0     0     0     0     0     0     0     0     0     0     0     0     0     0 
    0     0     0     0     0     0     0     0     0     0     0     0     0     0     0     0 
    0     0     0     0     0     0     0     0     0     0     0     0     0     0     0     0 
    0     0     0     0     0     0     0     0     0     0     0     0     0     0     0     0 
    0     0     0     0     0     0     0     0     0     0     0     0     0     0     0     0 
    0     0     0     0     0     0     0     0     0     0     0     0     0     0     0     0 
    0     0     0     0     0     0     0     0     0     0     0     0     0     0     0     0 
    0     0     0     0     0     0     0     0     0     0     0     0     0     0     0     0 
    0     0     0     0     0     0     0     0     0     0     0     0     0     0     0     0 
    0     0     0     0     0     0     0     0     0     0     0     0     0     0     0     0 
    0     0     0     0     0     0     0     0     0     0     0     0     0     0     0     0 
    0     0     0     0     0     0     0     0     0     0     0     0     0     0     0     0 
    0     0     0     0     0     0     0     0     0     0     0     0     0     0     0     0 
    0     0     0     0     0     0     0     0     0     0     0     0     0     0     0     0 
    0     0     0     0     0     0     0     0     0     0     0     0     0     0     0     0 
    0     0     0     0     0     0     0     0     0     0     0     0     0     0     0     0 
    0     0     0     0     0     0     0     0     0     0     0     0     0     0     0     0 
    0     0     0     0     0     0     0     0     0     0     0     0     0     0     0     0 
    0     0     0     0     0     0     0     0     0     0     0     0     0     0     0     0 
    0     0     0     0     0     0     0     0     0     0     0     0     0     0     0     0 
    0     0     0     0     0     0     0     0     0     0     0     0     0     0     0     0 
    0     0     0     0     0     0     0     0     0     0     0     0     0     0     0     0 
    0     0     0     0     6 15296   865   298   173   137    96    97    93    98    75    65 
   73    68    57    64    69    63    79    61    59    64    61    51    51    51    56    47 
   60    51    50    43    60    48    46    45    40    50    39    37    51    42    48    39 
   39    43    47    40    42    52    38    49    56    32    40    33    50    37    46    33 
   32    42    44    34    49    34    41    35    35    41    45    33    49    35    44    42 
   40    47    32    32    29    33    34    34    36    27    30    36    36    37    45    32 
   29    47    24    50    34    35    38    46    20    35    34    29    32    42    38    33 
   39    32    34    43    44    26    33    40    35    37    30    29    32    28    28    34 
   30    31    29    37    28    27    31    36    25    37    33    34    34    34    29    33 
   26    30    28    33    29    24    35    18    25    27    29    41    31    34    35    29 
   25    33    39    21    21    25    29    27    22    30    29    30    30    21    30    31 
   24    25    22    29    28    20    27    31    22    28    25    25    20    26    17    35 
   32    41    21    26    20    27    22    26    32    22    22    20    21    28    28    25 
   24    32    31    24    30    35    25    35    29    27    25    28    24    34    18    24 
   30    27    28    31    29    22    42    23    27    29    34    29    31    21    30    29 
   30    27    27    29    24    21    29    20    22    25    21    27    27    12    26    29 
   23    27    23    14    25    20    16    26    27    22    23    15    23    23    21    19 
   23    19    25    24    15    17    24    24    21    24    20    24    18    30    21    20 
   19    32    28    27    23    30    27    32    35    28    26    34    46    47    37    45 
   41    50    41    44    61    63    43    63    80    76    88   104    91   108   107   124 
  107   103   131   134   173   156   178   188   167   207   188   193   213   215   218   270 
  253   283   295   302   331   324   311   328   336   374   354   362   371   381   412   405 
  395   404   418   436   467   463   472   451   499   467   466   442   470   449   483   480 
  475   438   447   431   455   448   411   414   414   372   400   391   422   380   355   347 
  389   320   329   315   305   302   303   268   256   276   251   228   246   217   200   204 
  206   184   166   167   175   149   151   137   118   142   117   106   102    94    95    68 
   80    88    72    81    63    43    75    52    48    57    49    37    44    40    30    40 
   32    39    45    32    30    19    22    34    21    21    17    20    20    22    20    12 
   15    20    13    11    16    12     9    17    18     7    11     6    18    11     7    10 
   11     9    11     8    11    13    13    10    13    12    14    11     8    12    10    11 
    9    11     8     8    14     5    11    11    10     6     9     6    15    12     5     8 
    6    13    11    10     4    11    10    12     6     8     8     7     6    11     1     7 
    7     8     8    11     5     4     9     6     5     5     5     9    12     7     9    10 
    8    10     4     6     9    10     5     5     6     8     7     5    10     5     9     4 
    6     8     7     6     2     6     7     8     4     5     5     4     6     5     3     3 
    8     1     4     2     4    10     4     6     3     6     3     4     3     6     3     1 
    8     4     7     2    10     6     6     8     4     3     8     3     5    11     2     1 
    6     7     5     7     5     3     6     6     2     3     4     1     4     5     8     4 
    1     7     6     6     3     3     2     3     8     2     4     4     5     5     5     5 
    3     2     2     4     6     5     4     2     2     7    11     3     3    10     7     4 
    6     4     7     3     5     3     4     2     3     3     2     5     4     4     5     9 
    2     5     7     4     5     5     4     5     2     6     3     6     3    12     3  2935 
>> 02/26/2025 14:50:27
Sample: BGO
Run-Type: 2
Gate: 2000 (ns)
Pedestal: 357
Source-Energy: 1.000000 (MeV)
Channel-PE: 1.000000
Run-Time: 180 (Sec)
HV: 1689
Motor-Position: 105 0
Neslab-temp: -1234.0
SR630-temp: -1000.0  -1000.0  -1000.0
T1: T1 0.000000
T2: T2 0.000000
T3: T3 0.000000
T4: T4 0.000000
T5: T5 0.000000
Data:
    0     0     0     0     0     0     0     0     0     0     0     0     0     0     0     0 
    0     0     0     0     0     0     0     0     0     0     0     0     0     0     0     0 
    0     0     0     0     0     0     0     0     0     0     0     0     0     0     0     0 
    0     0     0     0     0     0     0     0     0     0     0     0     0     0     0     0 
    0     0     0     0     0     0     0     0     0     0     0     0     0     0     0     0 
    0     0     0     0     0     0     0     0     0     0     0     0     0     0     0     0 
    0     0     0     0     0     0     0     0     0     0     0     0     0     0     0     0 
    0     0     0     0     0     0     0     0     0     0     0     0     0     0     0     0 
    0     0     0     0     0     0     0     0     0     0     0     0     0     0     0     0 
    0     0     0     0     0     0     0     0     0     0     0     0     0     0     0     0 
    0     0     0     0     0     0     0     0     0     0     0     0     0     0     0     0 
    0     0     0     0     0     0     0     0     0     0     0     0     0     0     0     0 
    0     0     0     0     0     0     0     0     0     0     0     0     0     0     0     0 
    0     0     0     0     0     0     0     0     0     0     0     0     0     0     0     0 
    0     0     0     0     0     0     0     0     0     0     0     0     0     0     0     0 
    0     0     0     0     0     0     0     0     0     0     0     0     0     0     0     0 
    0     0     0     0     0     0     0     0     0     0     0     0     0     0     0     0 
    0     0     0     0     0     0     0     0     0     0     0     0     0     0     0     0 
    0     0     0     0     0     0     0     0     0     0     0     0     0     0     0     0 
    0     0     0     0     0     0     0     0     0     0     0     0     0     0     0     0 
    0     0     0     0     0     0     0     0     0     0     0     0     0     0     0     0 
    0     0     0     0     0     0     0     0     0     0     0     0     0     0     0     0 
    0     0     0     0    11 15836   818   296   163   120   115    82    79    72    87    77 
   75    71    69    62    62    70    48    52    52    55    72    40    52    56    47    53 
   56    59    37    53    42    48    48    44    58    39    37    42    52    46    46    42 
   46    40    41    50    48    38    44    43    30    42    31    36    40    41    43    36 
   40    40    51    36    48    37    44    45    42    33    44    33    38    37    26    37 
   32    25    25    42    44    35    42    30    27    38    43    38    30    28    28    29 
   29    36    31    40    39    35    25    24    37    34    29    38    24    47    25    33 
   30    37    31    47    30    26    26    27    26    38    23    30    39    25    35    38 
   27    41    34    37    25    20    27    31    30    32    36    35    35    34    36    36 
   26    35    32    34    35    20    29    30    29    33    29    26    34    25    35    24 
   28    25    24    33    20    23    32    26    22    32    22    31    27    31    35    25 
   33    19    20    29    29    38    27    27    12    31    27    20    30    14    33    17 
   20    11    29    20    24    20    33    19    21    20    27    31    30    31    33    31 
   25    28    21    22    29    30    28    24    24    30    20    22    23    27    26    32 
   26    27    24    29    22    22    17    26    21    27    21    26    25    26    27    31 
   25    23    28    30    29    26    24    22    24    20    24    34    24    18    29    26 
   25    23    19    22    22    21    24    23    19    19     9    24    19    22    27    19 
   18    18    15    23    15    23    32    26    29    20    22    18    19    13    28    23 
   17    21    19    25    24    31    25    30    26    27    35    27    40    34    32    47 
   41    47    43    56    51    47    49    51    71    67    64    85    77    55    79    83 
  109    94   116   104   142   120   122   146   146   164   165   175   222   210   207   245 
  258   243   245   265   279   302   282   300   296   311   327   372   334   403   333   372 
  391   412   402   416   385   442   468   445   465   440   440   489   450   455   445   459 
  473   481   468   486   485   438   438   395   464   429   455   438   433   358   361   358 
  334   348   336   370   341   339   340   275   291   267   296   262   247   230   215   229 
  193   223   199   172   168   163   181   149   160   135   154   128   121   117   100   103 
  101    87    95    96    79    68    85    63    57    62    57    58    51    55    54    39 
   34    29    35    34    37    32    31    22    25    20    19    26    28    13    18    19 
   13    23    20    16    11    21    15     7    14    12     4     9     8     9    11    12 
    7    12    10    13    18     9     8     7    13    12     9     5    11     8    13     6 
   11    14     7    10     5    12    10     7     8     4     8    10    10     9    10     6 
   13    11    10     6    11     5     9     5     8     7     9     8    12    10    12     9 
    7     8    10     7     8     7     5     7     7     8     7     9     9     3    11     6 
    6     9     7     4     7     9     9    11     9     4    10     1     3     7     5     6 
    5     5    10     5     4     5     8     6     4     9     7     3     6     6     6     6 
    5     1     7     2     5     5    12     4     4     3     7     5     2     6     4     5 
    3     9     6     5     6     3     3     3     5     6     6     4     7     3     5     4 
    5     5     8     4     5     4     6     3     3     8     2     7     1     6     5     2 
    5     4     4     5     3     1     3     4     4     6    11     4     2     5     2     5 
    5     5     3     2     7     6     5     3     5     5     3     7     6     1     9     2 
    7     5     2     6     7     3     3     8     1     1     3     4     6     4     4     5 
    7     2     6     5     3     4     2     5     2     6     3     2     6     4     3  2848 
>> 02/26/2025 14:53:58
Sample: BGO
Run-Type: 2
Gate: 2000 (ns)
Pedestal: 357
Source-Energy: 1.000000 (MeV)
Channel-PE: 1.000000
Run-Time: 180 (Sec)
HV: 1689
Motor-Position: 125 0
Neslab-temp: -1234.0
SR630-temp: -1000.0  -1000.0  -1000.0
T1: T1 0.000000
T2: T2 0.000000
T3: T3 0.000000
T4: T4 0.000000
T5: T5 0.000000
Data:
    0     0     0     0     0     0     0     0     0     0     0     0     0     0     0     0 
    0     0     0     0     0     0     0     0     0     0     0     0     0     0     0     0 
    0     0     0     0     0     0     0     0     0     0     0     0     0     0     0     0 
    0     0     0     0     0     0     0     0     0     0     0     0     0     0     0     0 
    0     0     0     0     0     0     0     0     0     0     0     0     0     0     0     0 
    0     0     0     0     0     0     0     0     0     0     0     0     0     0     0     0 
    0     0     0     0     0     0     0     0     0     0     0     0     0     0     0     0 
    0     0     0     0     0     0     0     0     0     0     0     0     0     0     0     0 
    0     0     0     0     0     0     0     0     0     0     0     0     0     0     0     0 
    0     0     0     0     0     0     0     0     0     0     0     0     0     0     0     0 
    0     0     0     0     0     0     0     0     0     0     0     0     0     0     0     0 
    0     0     0     0     0     0     0     0     0     0     0     0     0     0     0     0 
    0     0     0     0     0     0     0     0     0     0     0     0     0     0     0     0 
    0     0     0     0     0     0     0     0     0     0     0     0     0     0     0     0 
    0     0     0     0     0     0     0     0     0     0     0     0     0     0     0     0 
    0     0     0     0     0     0     0     0     0     0     0     0     0     0     0     0 
    0     0     0     0     0     0     0     0     0     0     0     0     0     0     0     0 
    0     0     0     0     0     0     0     0     0     0     0     0     0     0     0     0 
    0     0     0     0     0     0     0     0     0     0     0     0     0     0     0     0 
    0     0     0     0     0     0     0     0     0     0     0     0     0     0     0     0 
    0     0     0     0     0     0     0     0     0     0     0     0     0     0     0     0 
    0     0     0     0     0     0     0     0     0     0     0     0     0     0     0     0 
    0     0     0     0     6 17814   774   326   138   134   114    97    82    73    91    82 
   70    67    65    70    73    74    65    53    53    52    42    52    50    39    43    45 
   57    48    39    42    37    43    36    46    33    40    37    33    40    50    29    42 
   40    39    35    46    40    31    43    40    43    37    39    33    44    33    29    36 
   36    26    32    33    39    30    37    32    50    30    44    36    30    23    40    30 
   34    35    40    38    25    34    37    36    24    26    23    20    32    36    49    35 
   21    39    30    35    39    31    35    35    29    42    37    24    38    28    29    34 
   34    23    33    35    41    33    33    24    29    27    41    36    29    33    21    31 
   27    28    33    31    28    21    31    24    27    32    27    35    34    25    31    38 
   37    29    32    32    28    31    33    20    30    32    21    33    35    32    22    24 
   35    34    25    32    25    23    30    28    20    23    29    25    31    26    23    31 
   22    23    18    29    21    26    18    24    27    24    20    18    14    36    26    18 
   30    31    17    26    27    29    20    21    16    18    29    26    23    27    29    21 
   16    29    11    19    25    28    28    24    19    29    33    29    27    20    21    28 
   22    25    21    22    29    32    21    18    21    18    32    28    32    24    21    31 
   24    21    22    29    35    30    20    24    22    21    20    27    26    20    14    24 
   22    21    20    26    24    19    15    14    28    28    24    31    16    21     9    16 
   15    23    23    17    18    16    14    14    24    25    19    20    15    14    13    19 
   22    25    24    22    26    24    21    28    35    18    29    27    28    33    22    35 
   29    34    44    28    28    36    40    37    50    52    64    36    55    57    60    72 
   77    78    89    74    85    93   102   110   106   106   129   107   131   143   137   166 
  182   175   189   198   207   260   217   223   261   247   279   300   303   325   282   338 
  328   329   365   354   373   365   375   445   391   408   411   450   388   399   457   430 
  453   440   429   428   458   450   469   441   424   407   434   418   484   419   407   403 
  395   369   400   403   350   379   382   360   369   319   344   304   321   304   310   297 
  266   275   274   234   218   231   199   230   186   178   170   198   154   174   160   163 
  114   116   117   130   121   108   104   101    92    82    85    71    70    70    65    60 
   61    59    53    46    41    42    44    27    36    44    34    34    44    24    43    21 
   23    19    21    29    21    18    14     9    14    13    20    11    23     6     5     9 
   15    14    12    13    11     7     7     7    11     8     6     4     6     6     6    11 
    9     4     6     9     4    11     9     6     7    11    11     5     5     6    11     9 
   12     4    12    11    15    10     9     5     6     2    10     8     4     6     8     8 
   10     4     5     8     7     9     7     5     3     7     6     2     3    10     4     2 
    5     6     5     7     8     3     7     6     3     5     4     3     8     3     3     7 
    6     7     5     6     5     7     8     6     3     4     8     4     3     7     4     6 
    7     4     5     6     3     5     7     3     4     4     5     5     6     3     4     6 
    2     9     3     5     3     8     8     5     8     6     2     2     5     2     5     3 
    1     5     8     1     5     4     4     7     2     6     4     6     3     6     5     4 
    5     7     7     3     5     5     5     3     4     5     4     5     9     8     4     2 
    2     2     3     2     5     4     3     7     4     5     3     3     4     1     4     2 
    6     3     4     4     5     6     4     6     4     5     2     5     2     3     7     4 
    5     7     2     1     0     6     5     2     3     1     3     5     4     6     3  2353 
