>> 01/30/2025 10:02:49
Sample: BGO
Run-Type: 2
Gate: 50 (ns)
Pedestal: 358
Source-Energy: 1.000000 (MeV)
Channel-PE: 1.000000
Run-Time: 78 (Sec)
HV: 1689
Motor-Position: -1 -1
Neslab-temp: -1234.0
SR630-temp: -1000.0  -1000.0  -1000.0
T1: T1 0.000000
T2: T2 0.000000
T3: T3 0.000000
T4: T4 0.000000
T5: T5 0.000000
Data:
    0     0     0     0     0     0     0     0     0     0     0     0     0     0     0     0 
    0     0     0     0     0     0     0     0     1 32374   394   299   285   267   259   220 
  204   186   164   189   196   215   261   336   472   570   716   920  1026  1204  1259  1270 
 1201  1097  1005   886   777   654   475   430   335   242   177   156    99   106    66    74 
   64    62    42    50    43    49    42    49    38    31    35    40    32    28    28    29 
   27    25    29    23    33    26    32    20    30    25    24    21    28    15    16    20 
   16    15    18    19    14    12    11    19    27    14    16    18    20    21    19    19 
   19    16    21    16    24    18    14    18    13    19    10    11    12     9     8     9 
   11     5     5     2     2     8     4     3     5     3     3     4     0     2     1     2 
    1     0     4     1     1     1     2     1     0     1     3     0     0     0     0     1 
    1     0     0     0     0     0     0     0     0     0     0     0     0     0     1     1 
    0     1     0     0     0     0     0     0     0     1     0     1     0     0     0     0 
    0     1     1     0     0     0     0     0     0     0     0     0     0     0     0     0 
    0     0     0     0     0     0     0     0     0     0     0     1     1     0     0     0 
    0     0     0     0     1     0     0     0     0     0     0     0     0     0     0     0 
    0     0     0     0     0     0     0     0     0     0     0     0     0     0     0     0 
    0     0     0     0     0     0     0     0     0     0     0     0     0     0     0     0 
    0     0     0     0     0     0     0     0     0     0     0     0     0     0     0     0 
    0     0     0     0     0     0     0     0     0     0     0     0     0     0     0     0 
    0     0     0     0     0     0     0     0     0     0     0     0     0     0     0     0 
    0     0     0     0     0     0     0     0     0     0     0     0     0     0     0     0 
    0     0     0     0     0     0     0     0     0     0     0     0     0     0     0     0 
    0     0     0     0     0     0     0     0     0     0     0     0     0     0     0     0 
    0     0     0     0     0     0     0     0     0     0     0     0     0     0     0     0 
    0     0     0     0     0     0     0     0     0     0     0     0     0     0     0     0 
    0     0     0     0     0     0     0     0     0     0     0     0     0     0     0     0 
    0     0     0     0     0     0     0     0     0     0     0     0     0     0     0     0 
    0     0     0     0     0     0     0     0     0     0     0     0     0     0     0     0 
    0     0     0     0     0     0     0     0     0     0     0     0     0     0     0     0 
    0     0     0     0     0     0     0     0     0     0     0     0     0     0     0     0 
    0     0     0     0     0     0     0     0     0     0     0     0     0     0     0     0 
    0     0     0     0     0     0     0     0     0     0     0     0     0     0     0     0 
    0     0     0     0     0     0     0     0     0     0     0     0     0     0     0     0 
    0     0     0     0     0     0     0     0     0     0     0     0     0     0     0     0 
    0     0     0     0     0     0     0     0     0     0     0     0     0     0     0     0 
    0     0     0     0     0     0     0     0     0     0     0     0     0     0     0     0 
    0     0     0     0     0     0     0     0     0     0     0     0     0     0     0     0 
    0     0     0     0     0     0     0     0     0     0     0     0     0     0     0     0 
    0     0     0     0     0     0     0     0     0     0     0     0     0     0     0     0 
    0     0     0     0     0     0     0     0     0     0     0     0     0     0     0     0 
    0     0     0     0     0     0     0     0     0     0     0     0     0     0     0     0 
    0     0     0     0     0     0     0     0     0     0     0     0     0     0     0     0 
    0     0     0     0     0     0     0     0     0     0     0     0     0     0     0     0 
    0     0     0     0     0     0     0     0     0     0     0     0     0     0     0     0 
    0     0     0     0     0     0     0     0     0     0     0     0     0     0     0     0 
    0     0     0     0     0     0     0     0     0     0     0     0     0     0     0     0 
    0     0     0     0     0     0     0     0     0     0     0     0     0     0     0     0 
    0     0     0     0     0     0     0     0     0     0     0     0     0     0     0     0 
    0     0     0     0     0     0     0     0     0     0     0     0     0     0     0     0 
    0     0     0     0     0     0     0     0     0     0     0     0     0     0     0     0 
    0     0     0     0     0     0     0     0     0     0     0     0     0     0     0     0 
    0     0     0     0     0     0     0     0     0     0     0     0     0     0     0     0 
    0     0     0     0     0     0     0     0     0     0     0     0     0     0     0     0 
    0     0     0     0     0     0     0     0     0     0     0     0     0     0     0     0 
    0     0     0     0     0     0     0     0     0     0     0     0     0     0     0     0 
    0     0     0     0     0     0     0     0     0     0     0     0     0     0     0     0 
    0     0     0     0     0     0     0     0     0     0     0     0     0     0     0     0 
    0     0     0     0     0     0     0     0     0     0     0     0     0     0     0     0 
    0     0     0     0     0     0     0     0     0     0     0     0     0     0     0     0 
    0     0     0     0     0     0     0     0     0     0     0     0     0     0     0     0 
    0     0     0     0     0     0     0     0     0     0     0     0     0     0     0     0 
    0     0     0     0     0     0     0     0     0     0     0     0     0     0     0     0 
    0     0     0     0     0     0     0     0     0     0     0     0     0     0     0     0 
    0     0     0     0     0     0     0     0     0     0     0     0     0     0     0     1 
>> 01/30/2025 10:06:14
Sample: BGO
Run-Type: 2
Gate: 100 (ns)
Pedestal: 358
Source-Energy: 1.000000 (MeV)
Channel-PE: 1.000000
Run-Time: 133 (Sec)
HV: 1689
Motor-Position: -1 -1
Neslab-temp: -1234.0
SR630-temp: -1000.0  -1000.0  -1000.0
T1: T1 0.000000
T2: T2 0.000000
T3: T3 0.000000
T4: T4 0.000000
T5: T5 0.000000
Data:
    0     0     0     0     0     0     0     0     0     0     0     0     0     0     0     0 
    0     0     0     0     0     0     0     0     0     0     0     0     0     0     0     0 
    0     0     0     0     0     0     0     0     0     0     0    44 55053   428   281   246 
  221   242   183   192   186   152   148   153   159   147   146   167   163   132   143   141 
  139   152   129   136   112   119   108   120   112   109   108   111   107    88    92    90 
  100    86   112    96   102   109   109   123   138   184   193   221   283   341   419   428 
  535   647   683   753   927   989   947  1081  1105  1109  1149  1121  1169  1100  1072   958 
  913   879   863   720   620   625   514   496   421   339   309   228   205   167   143   127 
  101    94    68    84    62    57    56    40    42    28    27    26    23    32    19    17 
   23    22    23    22    14    20    20    21    12    13    10    14    11     7     9    13 
   16    15    10    16     9    11     6    13    10     6     8    12    20    11     9     7 
   11    15    11    13    21    18     6     9    12    12     7    12    14     8     9     9 
   18    11    13     6    11     7    15    15    18    11     7    14    12    15    15    16 
   16    18    11     8    12    13    18     9    20    20    15    14    17    18    11    15 
   10    11    12    15    14    13     9    13     7    12     7    11     6    10     8    11 
    8     8     8    12     6     7     2     7    11     5     6    12    10     8     5     4 
   12     4     3     4    11     7     8     6    11     3    20     8     8     7    13    10 
    5    13     8     8    13    11    11    15     7    10    18    10     7     8     9    15 
   11    21    18    15     9    10    12    12    11     6    16    12     9     6     4     7 
    6     7     9     9     8     3     4     4     6     8     4     4     3     2     0     5 
    6     1     4     3     2     1     3     0     1     0     0     1     2     0     2     0 
    0     3     0     0     1     0     1     2     0     0     0     0     0     0     0     0 
    0     0     0     0     0     0     0     1     0     1     0     0     0     0     0     0 
    0     0     0     0     0     1     0     0     0     0     2     0     0     0     0     0 
    0     0     1     0     0     0     0     0     0     1     0     0     0     0     0     0 
    0     0     0     0     0     0     0     0     0     1     0     0     0     0     0     0 
    0     0     0     0     0     0     0     0     0     0     0     0     0     1     0     0 
    0     0     0     0     0     0     0     0     0     0     0     0     0     0     0     0 
    0     0     0     0     0     0     0     0     0     0     0     0     0     0     0     0 
    0     0     0     0     0     0     0     0     0     0     0     0     0     0     0     0 
    0     0     0     0     0     0     0     0     0     0     0     0     0     0     0     0 
    0     0     0     0     0     0     0     0     0     0     0     0     0     0     0     0 
    0     0     0     0     0     0     0     0     0     0     0     0     0     0     0     0 
    0     0     0     0     0     0     0     0     0     0     0     0     0     0     0     0 
    0     0     0     0     0     0     0     0     0     0     0     0     0     0     0     0 
    0     0     0     0     0     0     0     0     0     0     0     0     0     0     0     0 
    0     0     0     0     0     0     0     0     0     0     0     0     0     0     0     0 
    0     0     0     0     0     0     0     0     0     0     0     0     0     0     0     0 
    0     0     0     0     0     0     0     0     0     0     0     0     0     0     0     0 
    0     0     0     0     0     0     0     0     0     0     0     0     0     0     0     0 
    0     0     0     0     0     0     0     0     0     0     0     0     0     0     0     0 
    0     0     0     0     0     0     0     0     0     0     0     0     0     0     0     0 
    0     0     0     0     0     0     0     0     0     0     0     0     0     0     0     0 
    0     0     0     0     0     0     0     0     0     0     0     0     0     0     0     0 
    0     0     0     0     0     0     0     0     0     0     0     0     0     0     0     0 
    0     0     0     0     0     0     0     0     0     0     0     0     0     0     0     0 
    0     0     0     0     0     0     0     0     0     0     0     0     0     0     0     0 
    0     0     0     0     0     0     0     0     0     0     0     0     0     0     0     0 
    0     0     0     0     0     0     0     0     0     0     0     0     0     0     0     0 
    0     0     0     0     0     0     0     0     0     0     0     0     0     0     0     0 
    0     0     0     0     0     0     0     0     0     0     0     0     0     0     0     0 
    0     0     0     0     0     0     0     0     0     0     0     0     0     0     0     0 
    0     0     0     0     0     0     0     0     0     0     0     0     0     0     0     0 
    0     0     0     0     0     0     0     0     0     0     0     0     0     0     0     0 
    0     0     0     0     0     0     0     0     0     0     0     0     0     0     0     0 
    0     0     0     0     0     0     0     0     0     0     0     0     0     0     0     0 
    0     0     0     0     0     0     0     0     0     0     0     0     0     0     0     0 
    0     0     0     0     0     0     0     0     0     0     0     0     0     0     0     0 
    0     0     0     0     0     0     0     0     0     0     0     0     0     0     0     0 
    0     0     0     0     0     0     0     0     0     0     0     0     0     0     0     0 
    0     0     0     0     0     0     0     0     0     0     0     0     0     0     0     0 
    0     0     0     0     0     0     0     0     0     0     0     0     0     0     0     0 
    0     0     0     0     0     0     0     0     0     0     0     0     0     0     0     0 
    0     0     0     0     0     0     0     0     0     0     0     0     0     0     0     4 
>> 01/30/2025 10:09:18
Sample: BGO
Run-Type: 2
Gate: 150 (ns)
Pedestal: 358
Source-Energy: 1.000000 (MeV)
Channel-PE: 1.000000
Run-Time: 145 (Sec)
HV: 1689
Motor-Position: -1 -1
Neslab-temp: -1234.0
SR630-temp: -1000.0  -1000.0  -1000.0
T1: T1 0.000000
T2: T2 0.000000
T3: T3 0.000000
T4: T4 0.000000
T5: T5 0.000000
Data:
    0     0     0     0     0     0     0     0     0     0     0     0     0     0     0     0 
    0     0     0     0     0     0     0     0     0     0     0     0     0     0     0     0 
    0     0     0     0     0     0     0     0     0     0     0     0     0     0     0     0 
    0     0     0     0 53737  6464   340   243   227   191   179   186   143   138   152   134 
  116   136   138   145   128   109   118   112   111   106    96   108   119   106    97   119 
   93    94   119   101    85   110   101    94    83    82    94    90    94    72    78    95 
   73    82    65    87    56    67    74    79    61    81    57    75    75    66    60    70 
   65    57    59    50    80    62    88    74    74    87    68    97    88   103   127   138 
  157   218   244   259   262   283   344   397   471   515   524   636   653   711   744   806 
  853   883   903   975   984   956   987   965   944   925   879   832   847   773   760   680 
  648   570   569   521   441   396   339   304   296   236   192   201   147   175   133   116 
   92    80    70    57    49    50    48    36    37    32    33    29    27    30    23    26 
   24    21    18    20    19    17    24    13    21    16     8    19    10    12    14     8 
   18    14    14     9    14     9     7     6    12     9     5     7    10     3     7     6 
    8     9    13     5    13    11     9    11     7     8     8     8     9    13     7     9 
    7     9     8     4     8     8     6     7     7     7    12    11    10     7     8    14 
    8     5     6     6    11     8     5     4     8     6    11     5     8    10     4     6 
    7     4     8     5     7     2     2     6     7     2     7     6     9     8    11    10 
    9    10     8    10    10     8     8    11     4    12     9     3     7    10     9     9 
    7     4    11     8    10     9     7     7     5    11    12    11    13    14     7    13 
    9    15    10    11    11     7    10    13    11    19     9     8    14    10     7    10 
    7     9    10    10     7    10    11     7     9    10    11     5     7     8     4     9 
    3     5     5     5     3     5     2     3     4     7     1     7     4     5     7     7 
    2     6     4     2     5     1     2     2    10     6     1     2     3     4     3     2 
    3     2     2     6     4     7     6     2     8     2     6     6     2     5    10     1 
    4     5     6     0    13     6     7     5     7    10     7     7    11     7     9     8 
    7    13     4    11    12     7    12    11    17     6     7     8    10    12     9    10 
   13    17     9     8    13     7     9     9    12    12     8    11    10    11     7     8 
   10     4     6     6     5     4     5     7     3     5     6     6     5     4     1     5 
    6     4     3     4     3     1     4     4     3     3     1     1     0     4     3     3 
    1     6     3     1     1     0     2     1     0     1     0     0     1     1     0     0 
    0     1     0     1     0     1     0     0     0     0     1     0     1     0     0     1 
    0     0     0     0     0     0     0     0     0     0     0     0     0     0     0     0 
    0     0     0     0     0     0     1     0     0     0     0     0     0     0     0     0 
    0     0     0     0     0     0     0     0     0     0     0     0     0     0     0     0 
    0     0     0     0     0     0     0     0     0     0     0     0     0     0     0     0 
    0     0     0     0     0     0     0     0     0     0     0     0     0     0     0     0 
    0     0     0     0     0     0     0     0     0     0     0     0     0     0     0     0 
    0     0     0     0     0     0     0     0     0     0     0     0     0     0     0     0 
    0     0     0     0     0     0     0     0     0     0     0     0     0     0     0     0 
    0     0     0     0     0     0     0     0     0     0     0     0     0     0     0     0 
    0     0     0     0     0     0     0     0     0     0     0     0     0     0     0     0 
    0     0     0     0     0     0     0     0     0     0     0     0     0     0     0     0 
    0     0     0     0     0     0     0     0     0     0     0     0     0     0     0     0 
    0     0     0     0     0     0     0     0     0     0     0     0     0     0     0     0 
    0     0     0     0     0     0     0     0     0     0     0     0     0     0     0     0 
    0     0     0     0     0     0     0     0     0     0     0     0     0     0     0     0 
    0     0     0     0     0     0     0     0     0     0     0     0     0     0     0     0 
    0     0     0     0     0     0     0     0     0     0     0     0     0     0     0     0 
    0     0     0     0     0     0     0     0     0     0     0     0     0     0     0     0 
    0     0     0     0     0     0     0     0     0     0     0     0     0     0     0     0 
    0     0     0     0     0     0     0     0     0     0     0     0     0     0     0     0 
    0     0     0     0     0     0     0     0     0     0     0     0     0     0     0     0 
    0     0     0     0     0     0     0     0     0     0     0     0     0     0     0     0 
    0     0     0     0     0     0     0     0     0     0     0     0     0     0     0     0 
    0     0     0     0     0     0     0     0     0     0     0     0     0     0     0     0 
    0     0     0     0     0     0     0     0     0     0     0     0     0     0     0     0 
    0     0     0     0     0     0     0     0     0     0     0     0     0     0     0     0 
    0     0     0     0     0     0     0     0     0     0     0     0     0     0     0     0 
    0     0     0     0     0     0     0     0     0     0     0     0     0     0     0     0 
    0     0     0     0     0     0     0     0     0     0     0     0     0     0     0     0 
    0     0     0     0     0     0     0     0     0     0     0     0     0     0     0     0 
    0     0     0     0     0     0     0     0     0     0     0     0     0     0     0     0 
    0     0     0     0     0     0     0     0     0     0     0     0     0     0     0     1 
>> 01/30/2025 10:12:45
Sample: BGO
Run-Type: 2
Gate: 200 (ns)
Pedestal: 358
Source-Energy: 1.000000 (MeV)
Channel-PE: 1.000000
Run-Time: 180 (Sec)
HV: 1689
Motor-Position: -1 -1
Neslab-temp: -1234.0
SR630-temp: -1000.0  -1000.0  -1000.0
T1: T1 0.000000
T2: T2 0.000000
T3: T3 0.000000
T4: T4 0.000000
T5: T5 0.000000
Data:
    0     0     0     0     0     0     0     0     0     0     0     0     0     0     0     0 
    0     0     0     0     0     0     0     0     0     0     0     0     0     0     0     0 
    0     0     0     0     0     0     0     0     0     0     0     0     0     0     0     0 
    0     0     0     0     0     0     0     0     0     0     0    17  8725   484   269   285 
  215   203   204   156   146   151   167   138   151   133   128   143   132   132   130   116 
  106   122   115   124   115   106    98   120   103   114   113    96   111   103   100    94 
  116    98   113   107    91    87   101   109    93    99    97    87    82    77    80    88 
   80    75    92    63    72    67    69    70    69    66    67    68    53    77    77    61 
   72    73    71    71    79    65    69    76    75    68    63    70    58    57    65    60 
   66    64    62    51    74    59    70    67    73    65    81   110   118   111   137   160 
  147   181   192   241   248   298   305   349   418   438   497   579   614   612   686   727 
  741   843   908   932   940   949  1024   974  1038  1008  1044  1067  1006  1026   996  1047 
  915   842   792   784   741   733   657   623   575   482   465   437   421   344   309   321 
  273   216   205   184   150   152   129   105   101    83    77    78    50    49    47    54 
   39    35    22    27    18    29    24    21    20    22    21    16    16    15    19    18 
   16    16    20    16    14    17    13    20    12    10    13    15    15    13    14    15 
    9     8     6    10    10    13    11    10     9    11    13     6     7    11     9    15 
   19     9     6    14     6     5     8    11     4    12    14     8    12    10    10    10 
    7     9     7     8     8     4     8     8    10     7     7     7     5     9     9     7 
    9     9    10    13    10    13     5     8     8     8     7     7     5     8     6     3 
    6     6     7     6     6     6     6     6     3    11     5     5     6     5     5     5 
    7     6     8    10     8    10     7     7     5     8     8     9     5     8     3     8 
    7     9     5     7     3    10     6     7     6     4     9     6     7     9     8     6 
    6     8    11    11     7    12     7    11     7     6     5     7     8     7    14     8 
    8    10    10    10    12    10    11    11    20     9     8    12     6    10    11    13 
   11    13    12    10    17     7     9    11    11    15     9    13    12    12     8    10 
   11     7    10    15     7    13     7     9     6     9    10     7     6     6    11     5 
    6     8     5     8    11     3     3     5     7     5     8     7     5     8     6     1 
    5     3     7     5    10     4     8     3     4     1     3     1     3     4     3     2 
    1     1     6     4     3     6     4     5     5     3     4     3     7     1     2     2 
    4     5     1     5     5     4     3     5     8     5     3     5     6     3     3     4 
    3     5     4     3     3     8     2     4     1     5     3     3     4     8     3     4 
    7     5     9     4     2     7     7     4     6     6     9     8     9    14     6    13 
   10    11    10     3     9     8    11    13    11     4     9    13     5    12     6    11 
   12    13    16     6    11     8     5    14    10    20     7    16     9     9    13    11 
    7    10    14    10    11    14    10     9    10    15    12     8    14     5     6     2 
    7     5     4     3     7    10     6     8     4     4     2     6     9     5     3     3 
    8     2     3     3     5     4     6     3     3     2     1     2     0     1     3     2 
    0     1     1     1     0     1     2     0     1     0     1     1     0     0     0     0 
    1     0     2     0     0     0     0     0     0     0     0     0     0     1     0     0 
    0     0     0     1     0     0     0     0     0     0     0     0     0     0     1     1 
    0     0     0     0     0     1     0     1     0     0     1     0     0     0     0     0 
    0     0     0     0     0     0     1     0     0     0     0     0     0     0     0     1 
    0     0     0     0     0     0     0     0     0     0     0     0     0     0     0     0 
    0     0     0     0     0     0     0     0     0     0     0     0     0     0     0     0 
    0     0     0     0     0     0     0     0     0     0     0     0     0     0     0     0 
    0     0     0     0     0     0     0     0     0     0     0     0     1     0     0     0 
    0     0     0     0     0     0     0     0     0     0     0     0     0     0     0     0 
    0     0     0     0     0     0     0     0     0     0     0     0     0     0     0     0 
    0     0     0     0     0     0     0     0     0     0     0     0     0     0     0     0 
    0     0     0     0     0     0     0     0     0     0     0     0     0     0     0     0 
    0     0     0     0     0     0     0     0     0     0     0     0     0     0     0     0 
    0     0     0     0     0     0     0     0     0     0     0     0     0     0     0     0 
    0     0     0     0     0     0     0     0     0     0     0     0     0     0     0     0 
    0     0     0     0     0     0     0     0     0     0     0     0     0     0     0     0 
    0     0     0     0     0     0     0     0     0     0     0     0     0     0     0     0 
    0     0     0     0     0     0     0     0     0     0     0     0     0     0     0     0 
    0     0     0     0     0     0     0     0     0     0     0     0     0     0     0     0 
    0     0     0     0     0     0     0     0     0     0     0     0     0     0     0     0 
    0     0     0     0     0     0     0     0     0     0     0     0     0     0     0     0 
    0     0     0     0     0     0     0     0     0     0     0     0     0     0     0     0 
    0     0     0     0     0     0     0     0     0     0     0     0     0     0     0     0 
    0     0     0     0     0     0     0     0     0     0     0     0     0     0     0     0 
    0     0     0     0     0     0     0     0     0     0     0     0     0     0     0     1 
>> 01/30/2025 10:17:59
Sample: BGO
Run-Type: 2
Gate: 500 (ns)
Pedestal: 358
Source-Energy: 1.000000 (MeV)
Channel-PE: 1.000000
Run-Time: 180 (Sec)
HV: 1689
Motor-Position: -1 -1
Neslab-temp: -1234.0
SR630-temp: -1000.0  -1000.0  -1000.0
T1: T1 0.000000
T2: T2 0.000000
T3: T3 0.000000
T4: T4 0.000000
T5: T5 0.000000
Data:
    0     0     0     0     0     0     0     0     0     0     0     0     0     0     0     0 
    0     0     0     0     0     0     0     0     0     0     0     0     0     0     0     0 
    0     0     0     0     0     0     0     0     0     0     0     0     0     0     0     0 
    0     0     0     0     0     0     0     0     0     0     0     0     0     0     0     0 
    0     0     0     0     0     0     0     0     0     0     0     0     0     0     0     0 
    0     0     0     0     0     0     0     0     0     0     0     0     0     0     0     0 
    0     0     0     0     0     0     0     0     0     0     0     0     0     0     0     0 
    0     0     0     0     0     0     0     0     0     0     0     0     0     0     0  6972 
 1954   327   189   153   116   119   119    87   100    78    88    81    82    78    77    91 
   91    77    70    71    80    82    72    81    77    60    62    69    58    80    57    73 
   68    54    53    63    69    51    38    61    63    60    54    46    51    46    47    48 
   57    64    39    50    58    45    40    51    57    51    53    47    56    44    67    59 
   47    52    52    45    49    44    47    44    50    50    50    41    53    44    50    66 
   45    50    39    47    50    45    41    45    39    43    36    44    49    37    40    43 
   44    46    46    39    34    43    48    51    54    39    42    39    38    38    43    46 
   41    41    28    38    43    41    29    43    39    35    36    31    38    36    41    35 
   36    37    26    51    37    36    37    29    33    41    31    26    33    38    33    29 
   39    28    49    28    39    32    32    32    21    38    36    36    33    27    48    35 
   28    34    30    39    40    47    42    29    26    22    38    23    35    28    36    29 
   28    30    28    26    40    22    18    28    30    27    41    21    27    29    32    28 
   32    32    25    24    38    39    27    36    30    46    44    40    37    32    43    42 
   49    58    55    47    58    51    67    79    80    91    91   107   118   124   120   143 
  145   180   200   195   181   210   243   248   251   274   303   304   306   370   359   405 
  424   389   479   477   514   506   520   555   593   562   612   602   625   671   644   644 
  665   607   649   629   640   655   629   667   630   638   593   610   582   586   511   573 
  506   513   547   449   422   432   394   410   379   351   343   334   301   283   263   268 
  247   236   211   204   199   166   162   154   125   141   123    97   101   103    78    70 
   80    65    60    51    67    58    40    27    41    32    32    39    20    19    16    15 
   22    22    14     7    16    14    16    13     7    14    13     8    13    18     6    13 
   13    12     2    14     7    10     9     9     9    19     9    10     8    12    17    11 
   11    10     8    12     9     6    12     6     7    14    10     5     9    12     9     8 
    8    14    11    11     5    10    11     6     6     2     7     5     6     5     9     6 
    4     4    11     4    12     3     5     6     6     6     6     2     8     9     4     6 
    6     5     9    10    11     9     7     3     5     5     5     7     3     5     4     7 
    3     4     7     9     4     3     5     7     4     6     7     2     2     5     4     3 
    4     4     4     6     3     6     8    10     6     4     4     8     1     6     5     4 
    2     5     7     7     5     2     4     5     4     9     4     0     3     9     4     5 
    2     2     5     4     4     4     4     5     9     5     3     2     4     6    14     4 
    2     2     4     4     2     3     5     6     8     4     1     6     2     5     2     3 
    3     5     4     4     3     4     1     4     4     5     3     1     4     3     7     6 
    4     3     4     5     5     5     3     7     4     4     5     3     4     3     6     2 
    4     5     4     4     5     3     5     4     4     4     2     4     7     5     5     4 
    2     8     1     2     3     0     7     0     1     1     1     6     6     2     4     7 
    3     1     4     5     3     3     6     4     7     1     1     4     2     7     2     7 
    4     2     2     2     6     2     5     0     0     6     6     2     4     2     5     2 
    0     7     2     2     4     2     2     7     3     3     4     5     5     2     5     3 
    2     5     1     1     4     3     6     3     2     3     5     7     3     0     3     6 
    0     4     6     5     6     6     5     5     0     3     4     4     3     8     4     2 
    4     8     7     5     7     4     2     8     9     2     6     6     4     6     4     5 
    7     6     3     7     4     5     3    10     7     5     3     5     3     7     5     4 
    8     6     5     1     9     6     5     6     4     5     4     5     7    12    14     4 
    6     8    14    13     8    10     4     6     7     4     4     6     4     5     7     5 
    8     5     4     1     5     7    11     4     3     4     2     5     7     6     3     6 
    6     4     4     6     8     5     3     2     8     8     3     6     1     6     4     2 
    4     4     0     4     3     3     2     1     1     1     7     6     2     3     4     0 
    1     2     2     4     2     7     2     2     3     4     3     5     1     4     0     2 
    2     1     2     2     3     1     4     1     3     2     2     3     2     5     1     2 
    0     2     2     3     4     2     6     4     1     2     2     0     3     2     1     2 
    3     1     2     1     2     2     0     3     2     1     0     3     0     3     3     0 
    3     4     3     2     2     1     2     3     1     2     3     2     3     3     1     0 
    1     2     2     1     2     2     3     2     3     1     2     2     1     4     3     1 
    0     4     5     4     1     0     3     0     1     1     1     1     4     1     3     1 
    2     1     0     0     3     0     0     2     1     5     0     1     0     0     1     0 
    3     3     2     2     1     2     5     4     2     3     2     1     2     1     4   789 
>> 01/30/2025 10:21:43
Sample: BGO
Run-Type: 2
Gate: 800 (ns)
Pedestal: 358
Source-Energy: 1.000000 (MeV)
Channel-PE: 1.000000
Run-Time: 180 (Sec)
HV: 1689
Motor-Position: -1 -1
Neslab-temp: -1234.0
SR630-temp: -1000.0  -1000.0  -1000.0
T1: T1 0.000000
T2: T2 0.000000
T3: T3 0.000000
T4: T4 0.000000
T5: T5 0.000000
Data:
    0     0     0     0     0     0     0     0     0     0     0     0     0     0     0     0 
    0     0     0     0     0     0     0     0     0     0     0     0     0     0     0     0 
    0     0     0     0     0     0     0     0     0     0     0     0     0     0     0     0 
    0     0     0     0     0     0     0     0     0     0     0     0     0     0     0     0 
    0     0     0     0     0     0     0     0     0     0     0     0     0     0     0     0 
    0     0     0     0     0     0     0     0     0     0     0     0     0     0     0     0 
    0     0     0     0     0     0     0     0     0     0     0     0     0     0     0     0 
    0     0     0     0     0     0     0     0     0     0     0     0     0     0     0     0 
    0     0     0     0     0     0     0     0     0     0     0     0     0     0     0     0 
    0     0     0     0     0     0     0     0     0     0     0     0     0     0     0     0 
    0     0     0     0     0     0     0     0     0     0     0     0     0     0     0     0 
    0  8681   687   318   166   150   146   109   102    85    90    84    64    64    76    60 
   86    52    69    71    59    50    68    52    67    72    59    72    57    59    54    36 
   54    43    46    52    56    54    55    48    47    50    56    47    43    60    42    46 
   35    41    53    41    43    55    35    48    42    42    47    48    37    53    42    49 
   40    24    40    38    41    49    43    41    30    43    53    44    44    35    27    45 
   44    46    29    34    34    52    53    46    41    45    46    30    36    36    42    38 
   44    39    45    33    35    36    42    35    50    35    34    46    43    32    41    38 
   45    44    49    41    47    35    49    34    34    44    36    41    39    23    41    26 
   38    33    41    27    27    43    37    33    37    40    30    34    31    30    44    37 
   25    32    31    26    33    32    43    36    30    35    28    26    29    32    31    21 
   27    24    34    32    29    24    27    25    34    23    25    24    25    36    26    32 
   35    24    31    25    30    41    30    25    33    32    23    23    36    29    28    26 
   40    34    23    29    19    22    36    33    23    30    35    24    30    45    33    31 
   29    28    41    29    20    23    34    27    35    31    25    23    28    21    21    22 
   19    28    26    39    21    20    26    17    23    30    24    29    21    20    26    14 
   33    20    23    17    19    19    16    25    19    32    25    22    31    22    36    28 
   25    29    30    22    27    39    38    26    28    46    36    40    48    39    42    52 
   59    67    62    78    80    75    83    83    91   127   108   109   135   136   159   188 
  176   164   191   163   203   207   246   233   236   237   293   288   301   297   330   350 
  376   375   371   369   418   408   462   428   467   479   511   471   511   510   554   544 
  555   501   575   524   564   523   563   533   539   515   511   531   507   488   519   489 
  477   517   497   454   429   441   388   403   392   372   401   365   321   360   301   352 
  317   280   261   246   271   243   208   194   202   184   172   171   136   148   142   138 
  118   113   104    88    91    86    94    87    73    68    68    58    63    41    53    39 
   54    45    33    28    36    38    30    37    28    30    18    17    19    12    25    14 
   13    14    11    16    12    14     6     8     8    15    10     9     9     7     8    12 
    9    11     6    11     4     7    11     7    14     7    12     8    12     8     7     9 
    3    15    10     7     7    12     8     8     5     7     6    10     9     3     8     8 
    6     9     8     8     9    11     5    11     6     5     3    10     6     4     6    13 
    7     4     8    12     4     6     7     8     8     4     7    10     6     5     5     5 
    7    10     9     4     6     5     4     5     4     2     6     9     6     9     3     8 
    3     5     1     7     4     5     3     5     2     7     4     3     7     9     1     3 
    3     3     2     1     7     5     3     2     6     6     3     6     8     7     3     2 
    4     5     6    13     2     3     5     2     3     3     3     4     4     2     4     3 
    5     3     2     8     6     3     5     2     0     4     6     3     9     7     4     1 
    4     2     4     6     0     1     2     2     4     2     3     2     2     2     0     4 
    3     3     5     4     8     0     5     4     2     4     3     2     5     4     3     3 
    1     5     6     2     3     3     3     5     4     3     5     5     3     2     4     4 
    1     4     6     6     3     0     3     4     1     2     6     3     2     6     5     6 
    5     6     5     1     0     0     2     0     5     6     4     4     4     2     6     2 
    6     3     6     1     5     5     2     5     3     1     3     5     3     9     3     2 
    1     4     3     2     5     3     3     0     2     1     5     1     1     7     1     2 
    1     4     3     3     4     5     2     4     5     2     6     4     3     3     5     1 
    7     5     1     3     3     0     5     8     3     4     3     1     6     1     5     2 
    3     2     2     6     3     1     2     6     2     3     1     2     3     4     4     5 
    5     1     2     0     5     6     0     3     1     3     4     3     3     3     0     4 
    2     1     2     3     1     3     3     3     1     3     2     2     2     4     1     1 
    5     5     1     3     5     1     4     3     4     2     2     3     4     2     3     3 
    4     4     4     1     6     2     4     4     1     1     3     3     2     5     4     3 
    4     4     3     2     5     5     3     2     5     2     4     7     3     5     2     4 
    3     6     8     1     4     2     8     2    11     5     5    12     6     3     3     6 
    5     6     6     7     3     3    10     6     5     6     6     7     8     6     6     6 
    4     8     7     3     9     6     6     4     7     4     6     3     2     7     7  1359 
>> 01/30/2025 10:26:16
Sample: BGO
Run-Type: 2
Gate: 1000 (ns)
Pedestal: 358
Source-Energy: 1.000000 (MeV)
Channel-PE: 1.000000
Run-Time: 179 (Sec)
HV: 1689
Motor-Position: -1 -1
Neslab-temp: -1234.0
SR630-temp: -1000.0  -1000.0  -1000.0
T1: T1 0.000000
T2: T2 0.000000
T3: T3 0.000000
T4: T4 0.000000
T5: T5 0.000000
Data:
    0     0     0     0     0     0     0     0     0     0     0     0     1     0     0     0 
    0     0     0     0     0     0     0     0     0     0     0     0     0     0     0     0 
    0     0     0     0     0     0     0     0     0     0     0     0     0     0     0     0 
    0     0     0     0     0     0     0     0     0     0     0     0     0     0     0     0 
    0     0     0     0     0     0     0     0     0     0     0     0     0     0     0     0 
    0     0     0     0     0     0     0     0     0     0     0     0     0     0     0     0 
    0     0     0     0     0     0     0     0     0     0     0     0     0     0     0     0 
    0     0     0     0     0     0     0     0     0     0     0     0     0     0     0     0 
    0     0     0     0     0     0     0     0     0     0     0     0     0     0     0     0 
    0     0     0     0     0     0     0     0     0     0     0     0     0     0     0     0 
    0     0     0     0     0     0     0     0     0     0     0     0     0     0     0     0 
    0     0     0     0     0     0     0     0     0     0     0     0     0     0     0     0 
    0     0     0     0     0     0     0     0     0     0     0     0     0     0     0 45474 
29646   443   205   146    90   108   101    90    79    67    84    70    77    73    70    69 
   44    62    54    81    51    61    59    49    44    53    40    53    66    39    40    50 
   50    51    50    45    52    45    55    48    50    55    44    39    49    41    33    36 
   43    42    36    31    40    39    31    45    52    28    40    46    40    39    45    42 
   52    51    33    44    37    37    38    37    41    40    47    39    39    38    31    28 
   39    35    51    37    41    36    35    36    36    38    34    38    32    28    52    43 
   44    45    37    33    40    31    35    40    32    36    36    43    39    40    26    43 
   45    38    50    33    24    39    28    23    27    29    34    38    40    32    37    34 
   28    37    38    36    49    37    39    36    33    31    35    21    36    26    34    36 
   29    25    33    42    33    28    38    29    29    31    31    27    22    32    36    30 
   29    25    29    24    27    31    28    29    29    34    30    26    30    29    22    29 
   19    26    33    27    32    25    19    28    25    27    33    28    27    33    33    14 
   21    31    22    34    25    22    29    28    31    27    34    33    27    29    36    31 
   33    22    36    23    37    23    26    32    37    31    29    22    18    32    22    23 
   33    30    25    23    26    25    22    17    36    28    18    21    28    29    19    17 
   26    20    19    22    18    26    21    24    27    21    21    20    20    16     8    20 
   28    17    24    21    19    23    17    25    28    17    20    21    14    22    32    33 
   25    19    21    23    21    39    35    26    36    39    33    32    33    36    39    47 
   65    49    51    61    55    69    73    81    77    90   107    82    97    97    93   113 
  140   126   142   144   135   150   183   186   191   190   219   220   253   256   289   274 
  284   288   311   287   365   359   376   367   424   432   432   420   433   485   445   486 
  463   480   416   507   511   527   528   512   477   499   528   506   554   525   486   502 
  502   472   487   473   439   493   439   473   512   408   430   426   400   373   365   372 
  341   349   346   343   297   325   281   296   264   283   271   237   257   231   185   189 
  189   187   151   163   152   159   135   129   125   138   128    96    94    81    75    71 
   75    68    61    64    49    44    51    49    48    41    41    43    37    29    34    35 
   26    22    26    14    21    16    20    20    16    13    12    14    10    10     7    11 
   10    11     6    11    12     8     7     6    12     8    17     9    10     7     9     6 
    6     8     8     7     4    10     9     9    14     5    10     4     9    11     7    11 
    6    12    12     4     9     8     7    10     6     6     7     6    11    10    10     5 
    8     6    14     6     5     6     3     8     3     3     7     8     4     9     6     7 
    6     5     9     9    10     3     4     5     5     7    10     4     6     9     6     8 
    8     4     5     6     2     7     8     9     6     7     6     4     7     3     3     3 
    4     3     4     7     3     2     4     7     8     5     3     4     3     4     5     4 
    7     6     5    11     6     5     1     1     8     5     8     3     2     1     3     5 
    6     5     1     4     4     4     2     2     6     5     5     7     5     6     6     5 
    3     5     6     2     3     2     2     7     3     2     3     3     4     0     6     4 
    2     2     7     4     6     5     1     2     3     2     3     1     4     1     9     5 
    6     1     5     3     6     4     5     8     0    10     1     5     3     3     3     4 
    6     0     4     5     6     3     2     5     3     5     6     3     3     4     2     3 
    2     3     5     4     5     0     1     1     3     0     3     1     4     0     6     4 
    6     4     7     2     2     1     2     3     4     0     2     4     5     3     2     5 
    5     1     4     2     3     6     7     5     3     4     3     5     3     5     3     3 
    4     0     4     9     6     1     2     1     3     8     3     1     7     2     5     1 
    7     3     1     5     4     3     1     4     2     3     4     6     7     1     2     4 
    4     4     3     3     1     3     3     3     4     6     4     3     3     5     4     5 
    2     4     2     5     2     5     2     4     7     3     7     1     2     2     1     2 
    1     5     4     3     3     6     6     1     1     2     0     2     2     1     0     5 
    3     6     3     1     1     3     2     5     1     4     3     7     2     4     1     0 
    3     3     4     3     2     2     2     2     4     2     2     3     1     4     3     2 
    3     2     3     4     3     2     4     3     3     1     1     2     4     3     6  1794 
>> 01/30/2025 10:29:58
Sample: BGO
Run-Type: 2
Gate: 1500 (ns)
Pedestal: 358
Source-Energy: 1.000000 (MeV)
Channel-PE: 1.000000
Run-Time: 180 (Sec)
HV: 1689
Motor-Position: -1 -1
Neslab-temp: -1234.0
SR630-temp: -1000.0  -1000.0  -1000.0
T1: T1 0.000000
T2: T2 0.000000
T3: T3 0.000000
T4: T4 0.000000
T5: T5 0.000000
Data:
    0     0     0     0     0     0     0     0     0     0     0     0     0     0     0     0 
    0     0     0     0     0     0     0     0     0     0     0     0     0     0     0     0 
    0     0     0     0     0     0     0     0     0     0     0     0     0     0     0     0 
    0     0     0     0     0     0     0     0     0     0     0     0     0     0     0     0 
    0     0     0     0     0     0     0     0     0     0     0     0     0     0     0     0 
    0     0     0     0     0     0     0     0     0     0     0     0     0     0     0     0 
    0     0     0     0     0     0     0     0     0     0     0     0     0     0     0     0 
    0     0     0     0     0     0     0     0     0     0     0     0     0     0     0     0 
    0     0     0     0     0     0     0     0     0     0     0     0     0     0     0     0 
    0     0     0     0     0     0     0     0     0     0     0     0     0     0     0     0 
    0     0     0     0     0     0     0     0     0     0     0     0     0     0     0     0 
    0     0     0     0     0     0     0     0     0     0     0     0     0     0     0     0 
    0     0     0     0     0     0     0     0     0     0     0     0     0     0     0     0 
    0     0     0     0     0     0     0     0     0     0     0     0     0     0     0     0 
    0     0     0     0     0     0     0     0     0     0     0     0     0     0     0     0 
    0     0     0     0     0     0     0     0     0     0     0     0     0     0     0     0 
    0     0     0     0     0     0     0     0     0     0     0     0     0     0     0     0 
    0     0     0     0     0     0     0     0     0     0     0     0  8368  1058   372   192 
  139   118   103    70    84    96    68    86    68    63    63    67    54    55    59    59 
   45    57    48    63    60    40    57    56    59    48    49    44    40    37    43    50 
   48    57    46    46    29    42    37    48    43    42    54    44    46    43    32    37 
   31    45    48    42    42    46    42    45    40    44    48    37    40    29    40    27 
   36    47    27    57    27    45    32    41    21    44    32    37    56    33    38    40 
   32    36    42    32    31    35    45    39    30    39    38    35    32    38    33    47 
   41    34    37    34    24    26    41    28    31    38    44    29    34    29    36    36 
   33    44    19    33    37    33    36    34    30    37    37    36    33    37    29    36 
   35    31    33    30    34    27    37    36    30    25    42    43    27    29    25    30 
   25    33    23    25    31    31    19    35    28    28    27    32    41    24    31    23 
   27    36    22    35    25    22    18    26    27    31    22    23    27    29    23    26 
   23    33    28    31    17    23    21    29    33    21    29    33    24    31    31    17 
   23    27    33    28    30    17    27    21    20    31    24    26    32    21    33    28 
   22    24    22    25    29    20    22    21    21    27    21    33    28    36    29    24 
   25    27    32    27    21    33    31    30    32    27    35    21    22    23    30    28 
   24    31    19    23    23    24    23    35    24    21    22    26    16    16    27    20 
   21    22    22    25    22    17    14    23    23    17    11    14    20    21    15    12 
   33    19    19    19    19    23    14    26    24    17    16    24    25    18    28    28 
   20    30    27    19    28    27    35    33    37    39    32    35    36    26    32    30 
   24    31    34    40    45    50    42    48    56    58    59    70    67    65    80    73 
   80    96   104    98   116   118   126   122   140   138   162   163   159   157   193   178 
  190   211   216   262   240   258   271   291   305   270   333   327   345   336   327   373 
  350   393   377   419   401   404   430   406   441   446   447   489   429   495   472   465 
  472   470   482   467   459   500   492   459   426   468   444   417   405   419   413   423 
  391   411   391   422   380   395   357   365   372   328   293   328   306   315   277   287 
  269   231   279   205   247   238   213   185   199   181   158   160   164   149   164   132 
  155   128   119   128   119   103    98    93    86    84    75    79    63    66    57    60 
   58    57    50    44    37    31    40    41    34    36    32    31    33    21    25    15 
   29    19    16    21    15    16    13    14    12    14    12     9    13    10    11     7 
   15    12    11    19     7     9    11     8     8    14    10    14    10     9     4     8 
    8     7    10    10     7     6     6     9     6     6     2     7    13     8     7     9 
    7     9    13     7     5    12     9     5    12     5     9     8     8     8    14     6 
    4     8     8     8    12     6     8     5     2     5     7     6     4     6     5     5 
    6     7     5    10     9     4     2     7     4     9     8     4     9     7     4     6 
   12     6     8     5     9     5     8     6    10     4     9     3     2     6     8     5 
    7     6     8     5     3    11     3     5     6     3     5     2     7     6     5     5 
    5     1     2     3     6     6     6     2     6     5     6     2     3     6     5     3 
    2     8     1     3     3     3     4     4     5     0     4     3     5     4     8     4 
    4     4     4     2     1     4     6     1    10     1     4     3     4     3     3     2 
    7     4     6     3     3     2     3     6     4     2     8     3     3     3     3     2 
    2     7     7     4     5     1     1     6     3     2     3     2     6     1     5     1 
    4     1     3     5     6     4     1     4     4     4     2     2     4     1     4     5 
    3     3     0     2     5     1     5     5     6     2     2     1     2     7     8     4 
    8     4     5     2     7     2     3     2     4     6     2     5     3     4     4     3 
    2     4     6     4     6     4     0     1     4     5     2     2     1     6     2     5 
    5     5     5     2     4     4     5     4     2     5     5     7     7     4     4  2352 
>> 01/30/2025 10:33:35
Sample: BGO
Run-Type: 2
Gate: 2000 (ns)
Pedestal: 358
Source-Energy: 1.000000 (MeV)
Channel-PE: 1.000000
Run-Time: 180 (Sec)
HV: 1689
Motor-Position: -1 -1
Neslab-temp: -1234.0
SR630-temp: -1000.0  -1000.0  -1000.0
T1: T1 0.000000
T2: T2 0.000000
T3: T3 0.000000
T4: T4 0.000000
T5: T5 0.000000
Data:
    0     0     0     0     0     0     0     0     0     0     0     0     0     0     0     0 
    0     0     0     0     0     0     0     0     0     0     0     0     0     0     0     0 
    0     0     0     0     0     0     0     0     0     0     0     0     0     0     0     0 
    0     0     0     0     0     0     0     0     0     0     0     0     0     0     0     0 
    0     0     0     0     0     0     0     0     0     0     0     0     0     0     0     0 
    0     0     0     0     0     0     0     0     0     0     0     0     0     0     0     0 
    0     0     0     0     0     0     0     0     0     0     0     0     0     0     0     0 
    0     0     0     0     0     0     0     0     0     0     0     0     0     0     0     0 
    0     0     0     0     0     0     0     0     0     0     0     0     0     0     0     0 
    0     0     0     0     0     0     0     0     0     0     0     0     0     0     0     0 
    0     0     0     0     0     0     0     0     0     0     0     0     0     0     0     0 
    0     0     0     0     0     0     0     0     0     0     0     0     0     0     0     0 
    0     0     0     0     0     0     0     0     0     0     0     0     0     0     0     0 
    0     0     0     0     0     0     0     0     0     0     0     0     0     0     0     0 
    0     0     0     0     0     0     0     0     0     0     0     0     0     0     0     0 
    0     0     0     0     0     0     0     0     0     0     0     0     0     0     0     0 
    0     0     0     0     0     0     0     0     0     0     0     0     0     0     0     0 
    0     0     0     0     0     0     0     0     0     0     0     0     0     0     0     0 
    0     0     0     0     0     0     0     0     0     0     0     0     0     0     0     0 
    0     0     0     0     0     0     0     0     0     0     0     0     0     0     0     0 
    0     0     0     0     0     0     0     0     0     0     0     0     0     0     0     0 
    0     0     0     0     0     0     0     0     0     0     0     0     0     0     0     0 
    0     0     0     0     0     0  6023  3349   437   189   139   110   104    98    90    81 
   56    75    89    70    61    76    65    62    65    58    49    61    47    47    48    52 
   56    47    59    45    47    60    50    40    50    56    45    36    43    47    40    51 
   38    45    44    42    34    41    39    50    37    34    36    34    40    40    47    36 
   38    35    43    45    41    40    36    39    41    43    33    39    39    29    38    47 
   38    31    30    36    41    32    31    38    39    32    34    41    34    36    33    37 
   30    34    29    41    42    34    33    36    35    44    43    39    33    44    26    30 
   34    35    23    34    31    36    31    27    30    40    27    34    22    39    44    38 
   34    32    35    26    36    32    28    35    42    36    34    31    25    28    32    33 
   34    34    29    37    28    34    36    40    35    31    33    34    33    31    31    31 
   26    23    37    40    37    35    34    28    26    24    33    22    27    30    17    31 
   34    22    44    23    24    26    29    18    22    15    22    26    27    28    28    20 
   23    27    23    31    30    23    22    34    35    19    39    16    24    21    20    22 
   32    21    29    20    21    37    33    30    20    21    25    25    22    21    20    34 
   19    33    23    21    24    25    24    22    19    35    28    19    22    23    30    19 
   36    22    21    50    25    23    20    29    21    22    34    30    26    26    23    19 
   22    23    24    24    30    30    23    17    32    20    22    31    19    23    20    24 
   21    27    15    21    20    21    28    22    21    17    15    26    24    19    23    14 
   20    15    20    10    16    23    17    15    18    15    24    21    22    33    18    16 
   32    14    18    24    22    36    21    32    25    30    27    33    27    32    30    39 
   37    37    36    45    40    44    56    39    48    48    47    64    56    77    63    66 
   82    87    89    86    88    99   106   114   122   167   121   143   152   144   152   188 
  189   169   196   232   234   264   228   245   260   259   277   307   281   282   313   338 
  345   339   340   361   384   368   366   413   409   432   456   455   448   434   453   450 
  454   432   490   461   487   467   460   448   476   447   436   447   446   442   415   431 
  460   422   403   416   397   380   380   382   382   347   320   335   325   305   351   273 
  322   298   304   268   270   281   236   222   219   208   214   182   205   171   167   172 
  162   166   140   129   116   129   105   122   121    98    86    77    82    90    78    75 
   60    68    47    52    54    63    50    51    38    43    39    32    30    30    44    30 
   25    20    20    28    24    13    22    21    24    25    20    14    10    13    14    14 
   10    17    10    12     7     7    19     6     9     4     8     7     9     9    15     6 
   10     9     7     4    17    12     7     3    14     9     9     8     6     5     4     8 
   12     6     7    10    13    14     5     6     9    11     9    13     9    10     8     8 
   12    10     4     2     8     9     5     7    10     7     6     9     7     8    10     4 
    9     9     3     5     7    12    11     5     2     5     6     9     4     6     5     3 
    5     7     4     8     8     7     8     6     6     3     9     4    11     5     6     7 
    8     4     6     3     3     5     5     7     4     5    10     2     3     2     4     6 
    8     5     6     3     2     7    10     3     2     3     5     3     2     4     4     2 
    5     6     3     1     7     4     4     2     4     2     3     5     1     3     6     8 
    3     4     2     1     7     2     4     2     6     4     6     4     5     6     1     7 
    4     4     4     6     6     3     7     5     6     6     6     4     4     4     5     3 
    3     3     1     1     3     3     4     4     3     3     5     7     2     4     4  2657 
>> 01/30/2025 10:37:09
Sample: BGO
Run-Type: 2
Gate: 2500 (ns)
Pedestal: 358
Source-Energy: 1.000000 (MeV)
Channel-PE: 1.000000
Run-Time: 181 (Sec)
HV: 1689
Motor-Position: -1 -1
Neslab-temp: -1234.0
SR630-temp: -1000.0  -1000.0  -1000.0
T1: T1 0.000000
T2: T2 0.000000
T3: T3 0.000000
T4: T4 0.000000
T5: T5 0.000000
Data:
    0     0     0     0     0     0     0     0     0     0     0     0     0     0     0     0 
    0     0     0     0     0     0     0     0     0     0     0     0     0     0     0     0 
    0     0     0     0     0     0     0     0     0     0     0     0     0     0     0     0 
    0     0     0     0     0     0     0     0     0     0     0     0     0     0     0     0 
    0     0     0     0     0     0     0     0     0     0     0     0     0     0     0     0 
    0     0     0     0     0     0     0     0     0     0     0     0     0     0     0     0 
    0     0     0     0     0     0     0     0     0     0     0     0     0     0     0     0 
    0     0     0     0     0     0     0     0     0     0     0     0     0     0     0     0 
    0     0     0     0     0     0     0     0     0     0     0     0     0     0     0     0 
    0     0     0     0     0     0     0     0     0     0     0     0     0     0     0     0 
    0     0     0     0     0     0     0     0     0     0     0     0     0     0     0     0 
    0     0     0     0     0     0     0     0     0     0     0     0     0     0     0     0 
    0     0     0     0     0     0     0     0     0     0     0     0     0     0     0     0 
    0     0     0     0     0     0     0     0     0     0     0     0     0     0     0     0 
    0     0     0     0     0     0     0     0     0     0     0     0     0     0     0     0 
    0     0     0     0     0     0     0     0     0     0     0     0     0     0     0     0 
    0     0     0     0     0     0     0     0     0     0     0     0     0     0     0     0 
    0     0     0     0     0     0     0     0     0     0     0     0     0     0     0     0 
    0     0     0     0     0     0     0     0     0     0     0     0     0     0     0     0 
    0     0     0     0     0     0     0     0     0     0     0     0     0     0     0     0 
    0     0     0     0     0     0     0     0     0     0     0     0     0     0     0     0 
    0     0     0     0     0     0     0     0     0     0     0     0     0     0     0     0 
    0     0     0     0     0     0     0     0     0     0     0     0     0     0     0     0 
    0     0     0     0     0     0     0     0     0     0     0     0     0     0     0     0 
    0     0     0     0     0     0     0     0     0     0     0     0     0     0     0     0 
    0     0     0     0     0     0     0     0     0     0     0     0     0     0     0     0 
    0     0     0     0     0     0     0     0     0     0     0     0     0     0     0  3487 
 5586   757   258   159   125   102   108   101    81    62    92    80    63    71    72    74 
   79    64    55    48    65    50    39    61    53    39    34    40    35    42    46    39 
   53    48    54    30    57    45    28    41    42    37    46    36    43    38    40    57 
   45    42    36    29    46    31    48    32    47    34    48    40    46    44    47    33 
   41    38    48    32    58    39    38    27    47    37    24    32    35    38    32    48 
   38    32    41    34    30    33    37    40    36    40    28    28    40    37    34    33 
   34    30    42    26    34    30    27    38    35    36    29    25    30    30    30    33 
   38    42    38    21    31    28    37    31    39    32    32    41    30    29    34    31 
   35    37    28    29    35    32    35    28    34    29    32    31    30    16    31    24 
   37    43    35    27    39    31    34    33    28    28    25    32    36    23    24    34 
   25    29    24    32    26    20    28    29    30    27    23    25    26    29    31    28 
   26    28    30    32    25    26    27    29    17    26    27    19    26    21    31    20 
   21    29    32    21    30    23    25    21    21    26    33    35    30    20    24    21 
   21    21    18    23    21    24    25    20    29    28    25    20    31    19    22    17 
   32    29    34    24    28    22    27    26    21    28    29    35    31    21    29    22 
   20    27    22    24    25    24    32    25    23    27    22    21    24    26    31    23 
   27    24    17    24    18    27    17    24    24    20    19    24    16    23    18    22 
   18    26    22    22    16    21    19    22    17    17    28    16    17    22    28    30 
   22    23    21    27    21    21    12    27    22    25    21    24    14    26    15    18 
   27    20    29    37    36    21    27    33    32    38    38    30    32    40    32    43 
   44    48    45    49    49    54    46    60    68    67    74    69    80    91   101    99 
   99    97   119   103   131   151   149   150   156   160   166   176   176   195   199   234 
  245   231   255   222   254   259   271   324   269   292   322   345   347   350   347   391 
  370   405   390   408   390   440   412   437   411   439   449   420   466   430   453   423 
  447   473   427   484   450   438   448   426   422   446   433   418   397   410   378   398 
  415   408   359   358   381   335   322   336   318   293   304   327   292   256   278   235 
  269   234   232   229   227   217   180   192   194   189   180   182   131   136   127   138 
  126   145   130   117    99    91   102    87   101    78    69    79    60    84    73    64 
   53    63    59    60    63    50    43    45    30    26    31    36    32    21    29    20 
   25    28    19    20    23    15    21    14    11    13    18    14    20    12    10    13 
    8    14    10    14    12    10    12    10    15    10     6    11    12    15    13     9 
    8     7     3    10    12    14     8     7     5     8    10     8     7     8     9     7 
    9     7    10    11    13     8     6    12    11     6     9     2     6    12     6    15 
    7     8     6     8    10     6     7     6     6     5     6     4     6     8     3    11 
    6     9     4     8     7     8    12     4     5     7    12     9     6     9     4     9 
    9     6     6     8     7     5     6     7     8     9     3     6     5     2     9     7 
    5     6     8     7     5     3     5     5     8     3     5     3     6     4     6  3199 
>> 01/30/2025 10:40:57
Sample: BGO
Run-Type: 2
Gate: 3000 (ns)
Pedestal: 358
Source-Energy: 1.000000 (MeV)
Channel-PE: 1.000000
Run-Time: 180 (Sec)
HV: 1689
Motor-Position: -1 -1
Neslab-temp: -1234.0
SR630-temp: -1000.0  -1000.0  -1000.0
T1: T1 0.000000
T2: T2 0.000000
T3: T3 0.000000
T4: T4 0.000000
T5: T5 0.000000
Data:
    0     0     0     0     0     0     0     0     0     0     0     0     0     0     0     0 
    0     0     0     0     0     0     0     0     0     0     0     0     0     0     0     0 
    0     0     0     0     0     0     0     0     0     0     0     0     0     0     0     0 
    0     0     0     0     0     0     0     0     0     0     0     0     0     0     0     0 
    0     0     0     0     0     0     0     0     0     0     0     0     0     0     0     0 
    0     0     0     0     0     0     0     0     0     0     0     0     0     0     0     0 
    0     0     0     0     0     0     0     0     0     0     0     0     0     0     0     0 
    0     0     0     0     0     0     0     0     0     0     0     0     0     0     0     0 
    0     0     0     0     0     0     0     0     0     0     0     0     0     0     0     0 
    0     0     0     0     0     0     0     0     0     0     0     0     0     0     0     0 
    0     0     0     0     0     0     0     0     0     0     0     0     0     0     0     0 
    0     0     0     0     0     0     0     0     0     0     0     0     0     0     0     0 
    0     0     0     0     0     0     0     0     0     0     0     0     0     0     0     0 
    0     0     0     0     0     0     0     0     0     0     0     0     0     0     0     0 
    0     0     0     0     0     0     0     0     0     0     0     0     0     0     0     0 
    0     0     0     0     0     0     0     0     0     0     0     0     0     0     0     0 
    0     0     0     0     0     0     0     0     0     0     0     0     0     0     0     0 
    0     0     0     0     0     0     0     0     0     0     0     0     0     0     0     0 
    0     0     0     0     0     0     0     0     0     0     0     0     0     0     0     0 
    0     0     0     0     0     0     0     0     0     0     0     0     0     0     0     0 
    0     0     0     0     0     0     0     0     0     0     0     0     0     0     0     0 
    0     0     0     0     0     0     0     0     0     0     0     0     0     0     0     0 
    0     0     0     0     0     0     0     0     0     0     0     0     0     0     0     0 
    0     0     0     0     0     0     0     0     0     0     0     0     0     0     0     0 
    0     0     0     0     0     0     0     0     0     0     0     0     0     0     0     0 
    0     0     0     0     0     0     0     0     0     0     0     0     0     0     0     0 
    0     0     0     0     0     0     0     0     0     0     0     0     0     0     0     0 
    0     0     0     0     0     0     0     0     0     0     0     0     0     0     0     0 
    0     0     0     0     0     0     0     0     0     0     0     0     0     0     0     0 
    0     0     0     0     0     0     0     0     0     0     0     0     0     0     0     0 
    0     0     0     0     0     0     0     0     0     0     0     0     0     0     0     0 
    0     0     0     0     0     0     0     0    10  3569  5845   505   214   127   127   112 
  104    69    86    71    83    75    78    59    70    58    54    63    54    55    47    53 
   55    58    45    39    45    62    47    38    45    56    57    40    50    40    58    43 
   46    48    54    31    42    45    36    40    52    41    44    45    37    29    39    44 
   46    36    35    39    27    42    37    28    40    31    28    35    42    36    32    37 
   37    35    45    43    40    38    40    26    31    41    34    38    34    46    34    29 
   38    36    44    36    42    44    43    36    39    26    33    27    30    29    27    25 
   29    34    34    33    32    36    36    31    29    25    27    44    38    35    38    39 
   47    44    25    33    32    35    35    36    31    40    30    30    34    35    40    43 
   36    26    29    42    26    33    27    34    37    36    26    31    26    25    33    34 
   49    34    31    31    24    33    34    32    23    26    30    35    26    25    30    32 
   29    29    32    19    30    20    30    22    26    26    30    31    29    29    24    30 
   23    37    24    30    21    19    21    24    24    21    29    25    34    19    21    23 
   27    23    18    27    27    20    24    18    36    29    37    24    23    24    27    24 
   27    24    23    15    33    23    21    24    19    20    33    23    19    19    28    24 
   27    34    35    33    30    36    22    24    23    21    14    21    28    20    26    30 
   23    23    25    22    33    28    19    19    21    22    31    22    26    25    21    23 
   42    19    15    14    23    13    26    20    20    22    35    23    21    26    21    25 
   23    15    24    13    18    15    14    34    26    20    17    11    17    19    16    23 
   23    15    13    21    19    17    31    16    31    31    16    36    26    27    31    29 
   24    27    20    26    37    32    33    31    40    32    39    34    56    41    52    58 
   59    60    53    50    62    88    75    87    84    88    98   101   133   120   116    96 
  118   143   135   146   154   189   189   175   205   211   204   230   248   229   256   273 
  296   281   305   305   350   305   362   366   369   360   391   388   404   453   407   403 
  438   454   415   431   451   448   443   450   435   468   454   476   469   482   446   442 
  434   452   467   395   422   415   437   421   421   392   409   392   412   354   337   371 
  324   339   349   317   343   312   303   315   252   277   244   214   263   232   199   235 
  194   202   183   186   186   180   163   157   150   136   128   124   140   111   113    90 
   87    83    77    65    76    73    81    58    70    72    61    49    54    46    41    46 
   46    31    28    45    34    24    28    40    18    22    27    27    15    11    24    20 
   20    14    11    18    16    12    19    10    14    13    17    11     9    11     7    10 
    9     6    10    13     7    12    12    11    10     8    10     9     9     9    11     6 
    6     7     6    13    12     5     5     5     8     7     7     8    10    14    10  3846 
