>> 02/26/2025 13:42:54
Sample: BGO
Run-Type: 2
Gate: 50 (ns)
Pedestal: 357
Source-Energy: 1.000000 (MeV)
Channel-PE: 1.000000
Run-Time: 180 (Sec)
HV: 1689
Motor-Position: 5 0
Neslab-temp: -1234.0
SR630-temp: -1000.0  -1000.0  -1000.0
T1: T1 0.000000
T2: T2 0.000000
T3: T3 0.000000
T4: T4 0.000000
T5: T5 0.000000
Data:
    0     0     0     0     0     0     0     0     0     0     0     0     0     0     0     0 
    0     0     0     0     0     0     0     0     1  7982   975   689   621   609   546   547 
  478   485   439   421   452   480   562   737   979  1258  1505  1918  2192  2529  2728  2757 
 2728  2634  2482  2131  1840  1586  1222   976   756   614   391   385   261   221   183   147 
  149   125   107   113   107    95    82    90    78    78    98    75    87    72    66    58 
   78    65    55    45    61    56    55    41    58    53    35    54    45    35    51    49 
   46    47    37    30    48    37    45    44    32    34    37    41    40    49    39    45 
   40    27    36    45    41    27    38    34    24    25    18    26    25    29    11    16 
   13    16    12    18     6     7     9     2     5     7     2     5     4     2     3     3 
    3     0     2     2     3     1     1     1     2     0     2     0     0     1     2     0 
    1     0     1     0     0     1     0     0     0     0     1     1     0     1     1     1 
    1     1     0     1     1     1     0     0     0     1     0     0     1     0     0     0 
    0     1     1     1     0     0     1     0     0     0     0     0     1     0     0     0 
    0     0     0     1     0     0     0     0     0     0     0     1     0     0     0     0 
    0     0     0     0     0     0     0     0     0     0     0     0     0     0     0     0 
    0     0     1     0     0     0     0     0     0     0     0     0     0     0     0     0 
    0     0     0     0     0     0     0     0     0     0     0     0     0     0     0     0 
    0     0     0     0     0     0     0     0     0     0     0     0     0     0     0     0 
    0     0     0     0     0     0     0     0     0     0     0     0     0     0     0     0 
    0     0     0     0     0     0     0     0     0     0     0     0     0     0     0     0 
    0     0     0     0     0     0     0     0     0     0     0     0     0     0     0     0 
    0     0     0     0     0     0     0     0     0     0     0     0     0     0     0     0 
    0     0     0     0     0     0     0     0     0     0     0     0     0     0     0     0 
    0     0     0     0     0     0     0     0     0     0     0     0     0     0     0     0 
    0     0     0     0     0     0     0     0     0     0     0     0     0     0     0     0 
    0     0     0     0     0     0     0     0     0     0     0     0     0     0     0     0 
    0     0     0     0     0     0     0     0     0     0     0     0     0     0     0     0 
    0     0     0     0     0     0     0     0     0     0     0     0     0     0     0     0 
    0     0     0     0     0     0     0     0     0     0     0     0     0     0     0     0 
    0     0     0     0     0     0     0     0     0     0     0     0     0     0     0     0 
    0     0     0     0     0     0     0     0     0     0     0     0     0     0     0     0 
    0     0     0     0     0     0     0     0     0     0     0     0     0     0     0     0 
    0     0     0     0     0     0     0     0     0     0     0     0     0     0     0     0 
    0     0     0     0     0     0     0     0     0     0     0     0     0     0     0     0 
    0     0     0     0     0     0     0     0     0     0     0     0     0     0     0     0 
    0     0     0     0     0     0     0     0     0     0     0     0     0     0     0     0 
    0     0     0     0     0     0     0     0     0     0     0     0     0     0     0     0 
    0     0     0     0     0     0     0     0     0     0     0     0     0     0     0     0 
    0     0     0     0     0     0     0     0     0     0     0     0     0     0     0     0 
    0     0     0     0     0     0     0     0     0     0     0     0     0     0     0     0 
    0     0     0     0     0     0     0     0     0     0     0     0     0     0     0     0 
    0     0     0     0     0     0     0     0     0     0     0     0     0     0     0     0 
    0     0     0     0     0     0     0     0     0     0     0     0     0     0     0     0 
    0     0     0     0     0     0     0     0     0     0     0     0     0     0     0     0 
    0     0     0     0     0     0     0     0     0     0     0     0     0     0     0     0 
    0     0     0     0     0     0     0     0     0     0     0     0     0     0     0     0 
    0     0     0     0     0     0     0     0     0     0     0     0     0     0     0     0 
    0     0     0     0     0     0     0     0     0     0     0     0     0     0     0     0 
    0     0     0     0     0     0     0     0     0     0     0     0     0     0     0     0 
    0     0     0     0     0     0     0     0     0     0     0     0     0     0     0     0 
    0     0     0     0     0     0     0     0     0     0     0     0     0     0     0     0 
    0     0     0     0     0     0     0     0     0     0     0     0     0     0     0     0 
    0     0     0     0     0     0     0     0     0     0     0     0     0     0     0     0 
    0     0     0     0     0     0     0     0     0     0     0     0     0     0     0     0 
    0     0     0     0     0     0     0     0     0     0     0     0     0     0     0     0 
    0     0     0     0     0     0     0     0     0     0     0     0     0     0     0     0 
    0     0     0     0     0     0     0     0     0     0     0     0     0     0     0     0 
    0     0     0     0     0     0     0     0     0     0     0     0     0     0     0     0 
    0     0     0     0     0     0     0     0     0     0     0     0     0     0     0     0 
    0     0     0     0     0     0     0     0     0     0     0     0     0     0     0     0 
    0     0     0     0     0     0     0     0     0     0     0     0     0     0     0     0 
    0     0     0     0     0     0     0     0     0     0     0     0     0     0     0     0 
    0     0     0     0     0     0     0     0     0     0     0     0     0     0     0     0 
    0     0     0     0     0     0     0     0     0     0     0     0     0     0     0     2 
>> 02/26/2025 13:47:02
Sample: BGO
Run-Type: 2
Gate: 100 (ns)
Pedestal: 357
Source-Energy: 1.000000 (MeV)
Channel-PE: 1.000000
Run-Time: 180 (Sec)
HV: 1689
Motor-Position: 5 0
Neslab-temp: -1234.0
SR630-temp: -1000.0  -1000.0  -1000.0
T1: T1 0.000000
T2: T2 0.000000
T3: T3 0.000000
T4: T4 0.000000
T5: T5 0.000000
Data:
    0     0     0     0     0     0     0     0     0     0     0     0     0     0     0     0 
    0     0     0     0     0     0     0     0     0     0     0     0     0     0     0     0 
    0     0     0     0     0     0     0     0     0     0     0    21  9668   662   393   345 
  307   282   277   262   247   252   237   218   216   214   209   187   211   206   200   232 
  173   201   167   173   167   172   136   132   145   154   122   126   132   136   135   122 
  123   133   138   128   141   157   178   199   246   276   292   380   486   523   635   787 
  825   968  1039  1170  1271  1348  1466  1496  1537  1560  1545  1581  1467  1448  1378  1281 
 1174  1056   940   847   767   621   543   502   393   373   282   222   211   177   163   133 
  126    89    75    73    50    53    63    46    40    39    43    41    32    27    38    25 
   21    24    25    17    13    16    19    18    14    16    16    17    21    15    13    15 
   19     9    12    20    14    17    11    24    21    17     8    17    13     6     5    19 
   22    19    11    14    19    10     9    17    21    17    21    18    20    12    15    15 
   15    17    20     6    19    15    24    18    13    17    19    21    24    21    21    30 
   18     6    28    25    21    27    13    18    26    20    16    21    16    21    19    20 
   13    16    17    18    15    10    14    11    14    23    16     7    12    20    12     8 
   12    10     9     6     4    13    10    11    10    13    12     7     9    11    10     6 
   11     9     8    11    14    11    14    13    20    10    20    14    15    17    14    13 
   17    22    15    23    20    19    19    24    24    17    23    21    20    21    26    12 
   16    21    18    24    22    15    18    16    15    10    14    11    17    12    13     9 
   10    11     9    10     9     6     5     7     5     1     6     7     3     2     5     1 
    2     2     3     5     3     1     2     0     3     2     4     1     0     0     0     0 
    0     0     1     0     0     1     0     0     0     1     0     1     0     0     0     0 
    0     1     1     1     0     2     0     0     0     0     0     0     1     2     0     0 
    0     1     0     3     0     0     0     0     0     0     0     0     0     0     0     0 
    0     1     0     0     0     0     0     0     0     0     0     0     0     0     0     0 
    0     0     0     0     0     0     0     0     0     0     0     0     0     0     0     0 
    0     0     0     1     0     0     0     0     0     0     0     0     0     0     0     0 
    0     0     0     0     0     0     0     0     0     0     0     0     0     0     0     0 
    0     0     0     0     0     0     0     0     0     0     0     0     0     0     0     0 
    0     0     0     0     0     0     0     0     0     0     0     0     0     0     0     0 
    0     0     0     0     0     0     0     0     0     0     0     0     0     0     0     0 
    0     0     0     0     0     0     0     0     0     0     0     0     0     0     0     0 
    0     0     0     0     0     0     0     0     0     0     0     0     0     0     0     0 
    0     0     0     0     0     0     0     0     0     0     0     0     0     0     0     0 
    0     0     0     0     0     0     0     0     0     0     0     0     0     0     0     0 
    0     0     0     0     0     0     0     0     0     0     0     0     0     0     0     0 
    0     0     0     0     0     0     0     0     0     0     0     0     0     0     0     0 
    0     0     0     0     0     0     0     0     0     0     0     0     0     0     0     0 
    0     0     0     0     0     0     0     0     0     0     0     0     0     0     0     0 
    0     0     0     0     0     0     0     0     0     0     0     0     0     0     0     0 
    0     0     0     0     0     0     0     0     0     0     0     0     0     0     0     0 
    0     0     0     0     0     0     0     0     0     0     0     0     0     0     0     0 
    0     0     0     0     0     0     0     0     0     0     0     0     0     0     0     0 
    0     0     0     0     0     0     0     0     0     0     0     0     0     0     0     0 
    0     0     0     0     0     0     0     0     0     0     0     0     0     0     0     0 
    0     0     0     0     0     0     0     0     0     0     0     0     0     0     0     0 
    0     0     0     0     0     0     0     0     0     0     0     0     0     0     0     0 
    0     0     0     0     0     0     0     0     0     0     0     0     0     0     0     0 
    0     0     0     0     0     0     0     0     0     0     0     0     0     0     0     0 
    0     0     0     0     0     0     0     0     0     0     0     0     0     0     0     0 
    0     0     0     0     0     0     0     0     0     0     0     0     0     0     0     0 
    0     0     0     0     0     0     0     0     0     0     0     0     0     0     0     0 
    0     0     0     0     0     0     0     0     0     0     0     0     0     0     0     0 
    0     0     0     0     0     0     0     0     0     0     0     0     0     0     0     0 
    0     0     0     0     0     0     0     0     0     0     0     0     0     0     0     0 
    0     0     0     0     0     0     0     0     0     0     0     0     0     0     0     0 
    0     0     0     0     0     0     0     0     0     0     0     0     0     0     0     0 
    0     0     0     0     0     0     0     0     0     0     0     0     0     0     0     0 
    0     0     0     0     0     0     0     0     0     0     0     0     0     0     0     0 
    0     0     0     0     0     0     0     0     0     0     0     0     0     0     0     0 
    0     0     0     0     0     0     0     0     0     0     0     0     0     0     0     0 
    0     0     0     0     0     0     0     0     0     0     0     0     0     0     0     0 
    0     0     0     0     0     0     0     0     0     0     0     0     0     0     0     0 
    0     0     0     0     0     0     0     0     0     0     0     0     0     0     0     0 
>> 02/26/2025 13:53:00
Sample: BGO
Run-Type: 2
Gate: 150 (ns)
Pedestal: 357
Source-Energy: 1.000000 (MeV)
Channel-PE: 1.000000
Run-Time: 180 (Sec)
HV: 1689
Motor-Position: 5 0
Neslab-temp: -1234.0
SR630-temp: -1000.0  -1000.0  -1000.0
T1: T1 0.000000
T2: T2 0.000000
T3: T3 0.000000
T4: T4 0.000000
T5: T5 0.000000
Data:
    0     0     0     0     0     0     0     0     0     0     0     0     0     0     0     0 
    0     0     0     0     0     0     0     0     0     0     0     0     0     0     0     0 
    0     0     0     0     0     0     0     0     0     0     0     0     0     0     0     0 
    0     0     0     0 10002  1284   402   304   269   248   251   225   182   195   165   158 
  175   179   154   159   147   155   158   125   132   143   121   157   138   127   125   130 
  119   132   133   124   118   131   111   126   112   100    89   100   101    96    97    97 
   94    85   103    99    81    99    73    92    86    88    86    86    93    81   103    66 
   85    74    84    77    90    98    87   104   125   146   145   153   163   194   221   260 
  291   367   401   449   518   555   590   759   759   838   847   965   997  1083  1099  1136 
 1175  1181  1191  1100  1175  1129  1139  1092   971  1010   897   909   839   648   663   584 
  580   495   483   426   393   334   295   259   223   186   159   124   118   113   103    81 
   61    64    51    55    50    40    40    29    30    35    37    34    29    24    27    20 
   14    21    22    10    23    22    22    24    13     9    11    16    16    18    20    10 
   15     9    14    16    11    11     9     8     8     5    17    14     8    11     9    13 
    7     8    19    10    13    13     8     4     7     8    10     8    11    13     8     9 
    8     7    13    13     8     9    10     9    13    12    10    10     7     6     7    10 
    9     9     7     3    10     7     8    12    13     7     5     6     7     7     8     4 
   11    13     7    11     7     4     5    12    10    12    11     9    12    12    12    13 
    9     9    12     5    15    13    11    11    16    17    11    11    14     8    13    20 
   19    17    14    13    10    17    10    13    17    11    15    14    11    15    13    12 
   11    18    15     9    12    12    10    16    12    14     6    12     6    13    10    10 
    6    19     7     6     6     5     7     8     7     3     6    10     8     5    12     5 
    2     8     3     6     6     5     6     3     8     2     7     7     3     8     4     8 
    5     2     3     3    13     4     1     4     5     8     3    11     4     5     8    11 
    7     5    10     4     7     6     8     9     6    12     6     8     4    10    11    16 
   12    11     9    12    10     6    21    13    18    10    21    15    15    10    17    16 
   18    12    21    15    14    15    10     6    15    16    17    10    17    12    17    11 
   14    11    15    14    11     9     9     8    11    13     9     7     7     5     6     7 
    6     6     2     6     0     9     4     4     1     2     1     6     0     0     3     3 
    4     1     1     0     2     3     0     3     0     0     0     0     3     0     0     1 
    0     0     0     2     0     0     0     0     0     0     1     0     0     0     0     0 
    1     0     1     0     0     0     0     0     0     1     0     0     0     1     0     0 
    0     0     0     0     0     0     0     0     0     0     0     0     0     1     0     0 
    0     0     0     0     0     0     0     0     1     0     0     0     0     0     0     0 
    0     0     0     0     0     0     0     0     0     0     0     0     0     0     0     0 
    0     0     0     0     0     0     0     1     0     0     0     0     0     0     0     0 
    0     0     0     0     0     0     0     0     0     0     0     0     0     0     0     0 
    0     0     0     0     0     0     0     0     0     0     0     0     0     0     0     0 
    0     0     0     0     0     0     0     0     0     0     0     0     0     0     0     0 
    0     0     0     0     0     0     0     0     0     0     0     0     0     0     0     0 
    0     0     0     0     0     0     0     0     0     0     0     0     0     0     0     0 
    0     0     0     0     0     0     0     0     0     0     0     0     0     0     0     0 
    0     0     0     0     0     0     0     0     0     0     0     0     0     0     0     0 
    0     0     0     0     0     0     0     0     0     0     0     0     0     0     0     0 
    0     0     0     0     0     0     0     0     0     0     0     0     0     0     0     0 
    0     0     0     0     0     0     0     0     0     0     0     0     0     0     0     0 
    0     0     0     0     0     0     0     1     0     0     0     0     0     0     0     0 
    0     0     0     0     0     0     0     0     0     0     0     0     0     0     0     0 
    0     0     0     0     0     0     0     0     0     0     0     0     0     0     0     0 
    0     0     0     0     0     0     0     0     0     0     0     0     0     0     0     0 
    0     0     0     0     0     0     0     0     0     0     0     0     0     0     0     0 
    0     0     0     0     0     0     0     0     0     0     0     0     0     0     0     0 
    0     0     0     0     0     0     0     0     0     0     0     0     0     0     0     0 
    0     0     0     0     0     0     0     0     0     0     0     0     0     0     0     0 
    0     0     0     0     0     0     0     0     0     0     0     0     0     0     0     0 
    0     0     0     0     0     0     0     0     0     0     0     0     0     0     0     0 
    0     0     0     0     0     0     0     0     0     0     0     0     0     0     0     0 
    0     0     0     0     0     0     0     0     0     0     0     0     0     0     0     0 
    0     0     0     0     0     0     0     0     0     0     0     0     0     0     0     0 
    0     0     0     0     0     0     0     0     0     0     0     0     0     0     0     0 
    0     0     0     0     0     0     0     0     0     0     0     0     0     0     0     0 
    0     0     0     0     0     0     0     0     0     0     0     0     0     0     0     0 
    0     0     0     0     0     0     0     0     0     0     0     0     0     0     0     0 
    0     0     0     0     0     0     0     0     0     0     0     0     0     0     0     1 
>> 02/26/2025 13:56:12
Sample: BGO
Run-Type: 2
Gate: 200 (ns)
Pedestal: 357
Source-Energy: 1.000000 (MeV)
Channel-PE: 1.000000
Run-Time: 179 (Sec)
HV: 1689
Motor-Position: 5 0
Neslab-temp: -1234.0
SR630-temp: -1000.0  -1000.0  -1000.0
T1: T1 0.000000
T2: T2 0.000000
T3: T3 0.000000
T4: T4 0.000000
T5: T5 0.000000
Data:
    0     0     0     0     0     0     0     0     0     0     0     0     0     0     0     0 
    0     0     0     0     0     0     0     0     0     0     0     0     0     0     0     0 
    0     0     0     0     0     0     0     0     0     0     0     0     0     0     0     0 
    0     0     0     0     0     0     0     0     0     0     0  2028  9696   467   321   260 
  220   189   173   158   162   151   134   153   131   156   152   129   123   121   129   118 
  111   130   115   129   113   116   105   102    92   113   116   109   100   107    87    94 
  105   103   101    90    99    91    88    97    99    94    84   105    86    78    78    81 
   89    64    71    66    71    67    59    74    79    77    73    79    52    66    82    73 
   79    70    68    90    68    72    61    70    58    80    54    72    64    53    52    52 
   89    54    55    86    73    85    85    82   102   122   125   154   144   182   191   232 
  250   288   298   336   438   428   490   513   581   645   651   723   745   827   865   876 
  941   963  1035  1016  1023  1063  1022  1010  1013   905   997   926   917   891   807   792 
  701   625   615   558   540   467   464   415   340   307   277   241   215   183   173   160 
  131   116   112    89    65    66    61    49    48    34    38    31    21    27    34    17 
   21    21    26    14    28    20    23    12    22    23    17    18    19    16    12    19 
   13    15    18    10    14    17    14    17    12    10    11    14     9     9     7    15 
   10    12     8    10     6    12    15    15     4     4     8     5     7     8     8    11 
    6    11    15    18    16     4    12     8    10     4     6    16     8     4     8    14 
   12     9     8     6     3     9    10     5    12     4     6    13     8    11     6     7 
    5     6    12    10     7    14     7     8     4     7     4     3     2     8     3     8 
    7     9    11     5    12     8     5    10     2     7    12     5     7     8     7     8 
    5    10     2    10     6     7     6     5     5     1     6     6     7    11     7     9 
    8     6    11     5     4     8     6     8     8     6     5     8     2     9     8     9 
    7     9    11     6     6    16     9    10    14    12     8     6    12    12    14    11 
   10     9     9    16     8    15    17     9     8    22     9    10    10     8    10    10 
   14    13    13    11    10    17     8     7    11     9     5    16    10    12     9     7 
    9     4     8     8    11     6    10     7     6    10    11     6     7     5     5     8 
    6     7     7     5     6     6     3     7     5    10     7     1     5     4     3     7 
    5     3     2     4     1     4     4     4     7     5     3     2     3     2     3     4 
    5     2     6     6     1     6     2     2     2     2     4     4     6     6     7     4 
    1     5     3     6     4     2     2     3     4     7     4     1     0     5     2     5 
    6    11    11     8     6     6    12     7     2     8     6     1    10    14     9     8 
   10     8    10     8     6     8     8    11     8    10     9    14     9     9    13     9 
   13    10    11     8    11    19     9    12    12     8    15    13    11    10    13    16 
    8     6     5     9     8     8    10     8    10    10    12     5     6    10     8     3 
   11     5     6    12    12     4     9     0     7     5     8     6     7     6     8     4 
    5     4     1     0     6     2     4     1     3     2     2     3     0     3     2     4 
    1     3     0     2     2     1     1     0     2     2     0     0     1     0     0     1 
    0     0     0     0     0     0     0     0     0     0     0     0     0     0     0     0 
    1     0     0     0     0     0     0     0     0     0     1     0     0     0     0     0 
    0     0     0     0     0     0     0     0     0     0     0     0     1     0     0     1 
    0     0     0     0     0     0     0     0     0     0     0     0     0     0     0     0 
    0     0     0     0     0     0     0     0     0     0     0     0     0     0     0     0 
    0     0     0     0     0     0     0     0     0     0     1     0     0     0     0     0 
    0     0     0     0     0     0     0     0     0     0     0     0     0     0     0     0 
    0     0     0     1     0     0     0     0     0     0     0     0     0     0     0     0 
    0     0     0     0     0     0     0     0     0     0     0     0     0     0     0     0 
    0     0     0     0     0     0     0     0     0     0     0     0     0     0     0     0 
    0     0     0     0     0     0     0     0     0     0     0     0     0     0     0     0 
    0     0     0     0     0     0     0     0     0     0     0     0     0     0     0     0 
    0     0     0     0     0     0     0     0     0     0     0     0     0     0     0     0 
    0     0     0     0     0     0     0     0     0     0     0     0     0     0     0     0 
    0     0     0     0     0     0     0     0     0     0     0     0     0     0     0     0 
    0     0     0     0     0     0     0     0     0     0     0     0     0     0     0     0 
    0     0     0     0     0     0     0     0     0     0     0     0     0     0     0     0 
    0     0     0     0     0     0     0     0     0     0     0     0     0     0     0     0 
    0     0     0     0     0     0     0     0     0     0     0     0     0     0     0     0 
    0     0     0     0     0     1     0     0     0     0     0     0     0     0     0     0 
    0     0     0     0     0     0     0     0     0     0     0     0     0     0     0     0 
    0     0     0     0     0     0     0     0     0     0     0     0     0     0     0     0 
    0     0     0     0     0     0     0     0     0     0     0     0     0     0     0     0 
    0     0     0     0     0     0     0     0     0     0     0     0     0     0     0     0 
    0     0     0     0     0     0     0     0     0     0     0     0     0     0     0     0 
    0     0     0     0     0     0     0     0     0     0     0     0     0     0     0     1 
>> 02/26/2025 13:59:36
Sample: BGO
Run-Type: 2
Gate: 500 (ns)
Pedestal: 357
Source-Energy: 1.000000 (MeV)
Channel-PE: 1.000000
Run-Time: 180 (Sec)
HV: 1689
Motor-Position: 5 0
Neslab-temp: -1234.0
SR630-temp: -1000.0  -1000.0  -1000.0
T1: T1 0.000000
T2: T2 0.000000
T3: T3 0.000000
T4: T4 0.000000
T5: T5 0.000000
Data:
    0     0     0     0     0     0     0     0     0     0     0     0     0     0     0     0 
    0     0     0     0     0     0     0     0     0     0     0     0     0     0     0     0 
    0     0     0     0     0     0     0     0     0     0     0     0     0     0     0     0 
    0     0     0     0     0     0     0     0     0     0     0     0     0     0     0     0 
    0     0     0     0     0     0     0     0     0     0     0     0     0     0     0     0 
    0     0     0     0     0     0     0     0     0     0     0     0     0     0     0     0 
    0     0     0     0     0     0     0     0     0     0     0     0     0     0     0     0 
    0     0     0     0     0     0     0     0     0     0     0     0     0     0     0 11000 
  735   300   192   155   139   126   134   110   116   107   105    76    93    71    82    88 
   71    83    70    89    68    80    86    55    60    68    81    77    59    58    51    57 
   66    58    54    61    57    58    66    57    51    49    50    62    62    51    56    44 
   57    56    59    49    53    46    61    57    39    46    57    56    46    54    54    50 
   57    59    50    52    51    52    60    57    56    58    58    59    62    57    55    56 
   51    56    50    46    45    44    49    40    55    60    51    44    37    35    43    43 
   38    45    46    54    27    39    38    35    41    51    35    30    44    37    41    38 
   37    35    46    35    43    36    43    39    40    28    32    34    40    36    31    43 
   39    39    29    35    30    40    27    32    35    46    42    37    31    37    27    30 
   39    37    34    33    36    35    37    36    27    38    32    38    26    25    32    37 
   35    29    31    38    34    25    43    41    25    25    43    29    25    22    30    37 
   29    25    22    43    24    24    21    21    23    29    21    37    34    28    35    29 
   30    32    34    38    43    33    42    44    48    57    71    71    53    72    78    81 
   81    97    95    90   122   142   129   129   155   179   191   205   201   240   260   268 
  291   278   302   332   354   393   394   411   449   494   474   510   527   521   526   574 
  585   597   575   591   614   634   612   621   648   636   642   677   625   652   633   645 
  629   599   564   550   563   569   503   525   484   444   445   390   430   372   393   348 
  323   298   276   288   253   232   198   222   197   186   161   165   126   161   115    99 
  120    98    89    82    75    75    62    53    43    53    36    35    26    38    33    26 
   18    28    25    17    16    19    17    14    13    12    13     7    19    15    11    10 
    9    17    10    12    10    13    14     7    11    11    12     9    12     8     8     5 
   10    18    11     8    10     9    17     7     6    10     6    11    11     9     8    15 
   14     6    10    14    15    10     9    11     8     9     9     6     6    10     8     6 
   11     8     4     5     6     9     8    10     5     6    12     8     5     8     9     6 
   12    10     8     5     5     9     4     5     6     4     4     3     5     6     8     9 
    5     4     5     9     3     3     8     8     5     6     1     4     4     3     6     2 
    7     5     8     2     4    10     5     4     5     7     7     5     2     6     6     1 
    5     4     5     1     6     3     3     3     3     1     2     6     3     2     6     4 
    2     3     6     6     4     4     3     5     3     5     8     3     4     4     4     2 
    2     8     5     4     2     2     3     2     5     2     5     2     8     5     2     2 
    5     2     4     4     6     2     6     2     2     3     8     4     7     5     2     4 
    3     3     3     4     5     5     2     5     5     4     1     5     1     3     2     3 
    5     6     3     1     7     4     2     4     5     4     4     5     1     5     5     4 
    2     6     2     1     3     3     5     3     2     4     5     9     2     3     5     2 
    1     5     2     3     3     3     4     7     5     6     7     3     7     5     4     1 
    4     2     2     2     4     1     2     4     4     2     2     8     2     3     6     5 
    1     2     4     4     1     3     4     2     6     2     8     4     5     7     7     4 
    4     2     3     4     1     6     2     3     0     7     2     7     3     4     3     3 
    3     2     2     4     7     7     4     4     6     3     2     5     7     5     9     5 
    7     6     6     3    11     5     6     7     7     6     9     4     4     3     6     9 
    4     8     4     4     6     6     9     7     5    11     9    10     4    11     7     8 
    7    10     4     6     9     9     6    12     3     7     9     7     6     5     8     4 
    8     4     9    10     4     6     9     7     6     5     5     6     3     5     4     2 
    8     7     4     6     7     4     6     9     4     7     3     5     3     6     3     2 
    2     2     5     4     8     6     4     2     1     7     3     2     4     6     3     5 
    2     2     4     3     5     2     2     2     1     4     4     2     4     2     4     2 
    3     3     2     3     1     2     3     4     3     3     3     1     0     3     0     2 
    4     3     4     2     3     4     1     2     1     1     4     6     4     1     3     2 
    2     1     2     3     4     1     3     0     1     3     0     1     2     5     0     1 
    1     0     2     1     1     0     3     1     5     1     2     4     1     1     3     4 
    1     2     1     2     0     4     1     3     1     0     1     3     3     3     2     0 
    0     1     2     1     3     2     3     0     3     1     2     1     2     1     1     2 
    2     0     1     3     1     3     2     1     0     0     0     0     3     3     1     4 
    5     5     3     3     3     4     1     4     1     2     3     1     4     1     4     2 
    4     5     3     0     3     1     2     8     4     2     3     4     5     2     3     7 
    8     7     4     4     4     2     4     4    10     4     4     7     3     7     4   615 
>> 02/26/2025 14:03:26
Sample: BGO
Run-Type: 2
Gate: 800 (ns)
Pedestal: 357
Source-Energy: 1.000000 (MeV)
Channel-PE: 1.000000
Run-Time: 180 (Sec)
HV: 1689
Motor-Position: 5 0
Neslab-temp: -1234.0
SR630-temp: -1000.0  -1000.0  -1000.0
T1: T1 0.000000
T2: T2 0.000000
T3: T3 0.000000
T4: T4 0.000000
T5: T5 0.000000
Data:
    0     0     0     0     0     0     0     0     0     0     0     0     0     0     0     0 
    0     0     0     0     0     0     0     0     0     0     0     0     0     0     0     0 
    0     0     0     0     0     0     0     0     0     0     0     0     0     0     0     0 
    0     0     0     0     0     0     0     0     0     0     0     0     0     0     0     0 
    0     0     0     0     0     0     0     0     0     0     0     0     0     0     0     0 
    0     0     0     0     0     0     0     0     0     0     0     0     0     0     0     0 
    0     0     0     0     0     0     0     0     0     0     0     0     0     0     0     0 
    0     0     0     0     0     0     0     0     0     0     0     0     0     0     0     0 
    0     0     0     0     0     0     0     0     0     0     0     0     0     0     0     0 
    0     0     0     0     0     0     0     0     0     0     0     0     0     0     0     0 
    0     0     0     0     0     0     0     0     0     0     0     0     0     0     0     0 
    4 11601   591   244   177   146   121   104   101    90    86    62    80    72    78    76 
   90    78    58    84    59    66    57    63    61    62    46    54    53    50    48    51 
   49    53    44    78    44    46    56    36    62    43    57    52    55    49    58    38 
   37    50    48    38    56    46    45    39    52    49    48    36    48    51    50    46 
   45    48    42    42    50    44    49    48    35    52    38    40    48    40    48    42 
   33    35    35    32    33    48    47    46    39    34    28    36    39    48    34    37 
   45    42    47    45    39    29    37    44    39    39    42    36    36    43    49    43 
   41    37    36    43    38    37    42    39    26    39    42    37    36    42    31    28 
   45    43    30    39    33    33    43    34    26    34    39    36    46    28    29    19 
   38    38    32    32    33    32    26    30    26    24    37    32    36    37    29    20 
   39    33    31    36    25    34    34    24    30    15    25    19    21    33    31    29 
   27    31    24    31    30    24    34    33    30    39    28    40    33    25    41    35 
   19    33    29    28    25    39    42    30    34    27    27    35    31    33    15    36 
   26    32    33    22    42    28    19    23    17    19    14    29    24    24    20    22 
   17    19    20    22    23    21    30    26    12    14    34    26    14    25    20    20 
   27    27    33    22    20    36    32    32    26    33    33    40    39    32    36    43 
   52    33    56    42    44    69    70    44    76    71    71    98    91   109    90   106 
  127   131   139   140   159   158   181   177   229   235   266   238   264   259   272   288 
  297   304   352   374   358   396   351   415   398   466   420   462   503   434   512   495 
  476   516   524   554   525   557   517   580   545   542   560   567   499   519   534   510 
  528   516   506   476   440   469   418   443   432   416   435   372   388   376   332   340 
  320   312   300   277   284   233   258   233   221   213   220   193   172   170   152   128 
  132   131   111   129   117   113    89    61    87    73    75    66    61    60    51    54 
   38    46    40    34    38    38    31    20    31    42    23    17    17    13    16    17 
    9    21    19    13    11     5    15    14    15     6    10     8     8     8    12    14 
    6    10     9     9    12     7    13    11     8    12    10    10    12     6     8     9 
    9     7    10     6    11     7     7     7     3     6     4    12     7     9     8     8 
   13     3     7     6    13     4     7     3     6     6     7     6    10    10     6     6 
    9     8     1     5    10     8     8     5     5     4     8     6     9     5     4     4 
    8     4     7     5     3     5     3     4     5     1     4     2     5     4     2     5 
    7     5     7     3     5     6     6     3     4     2     3     6     4     6     8     1 
    5     6     5     5     4     5     1     2     4     5     4     2     4     4     2     4 
    6     4     1     4     7     3     3     4     4     4     4     0     2     2     3     6 
    1     7     4     2     2     2     4     8     3     2     3     1     2     1     7     6 
    5     1     4     2     1     4     7     3     1     3     3     4     5     3     8     5 
    2     6     6     7     3     3     3     6     2     6     2     4     4     3     0     4 
    0     2     3     2     5     5     6     4     5     3     3     3     5     0     3     2 
    3     6     5     4     2     7     6     2     5     5     4     5     6     1     1     5 
    3     4     4     0     4     1     5     2     0     3     2     4     3     2     2     4 
    3     6     4     2     5     5     5     4     3     6     5     3     4     5     2     2 
    3     4     2     4     3     7     2     4     3     5     2     6     2     6     4     2 
    5     0     2     4     3     4     5     4     5     3     7     3     3     3     5     2 
    2     1     3     4     3     2     2     1     4     3     3     4     2     3     3     3 
    3     2     3     1     2     2     2     1     1     1     4     3     3     1     3     2 
    3     4     1     0     3     4     7     4     1     2     2     3     4     2     3     3 
    6     1     2     0     4     3     1     2     6     2     3     1     4     1     5     5 
    2     6     0     3     4     3     3     4     3     2     4     3     8     1     2     5 
    7     5     3     6     4     3     1     4     5     8     3     9     3     5     6     1 
    5     4     4     4     9     6     4     4     4     4     6     4     4     8     3     6 
    0     4     8     8     4     8     6     2     5     8     9     5     7     4     5     2 
    7     6     5     6     5     5     8     8     4     7    10     9     9    10     7     7 
    7     9     7     4     2     5     4     5    10     6     4     7     7     1     7     4 
    5     3     4     5     4     5     9     5     6     5     4     7     2     6     1  1149 
>> 02/26/2025 14:07:32
Sample: BGO
Run-Type: 2
Gate: 1000 (ns)
Pedestal: 357
Source-Energy: 1.000000 (MeV)
Channel-PE: 1.000000
Run-Time: 180 (Sec)
HV: 1689
Motor-Position: 5 0
Neslab-temp: -1234.0
SR630-temp: -1000.0  -1000.0  -1000.0
T1: T1 0.000000
T2: T2 0.000000
T3: T3 0.000000
T4: T4 0.000000
T5: T5 0.000000
Data:
    0     0     0     0     0     0     0     0     0     0     0     0     0     0     0     0 
    0     0     0     0     0     0     0     0     0     0     0     0     0     0     0     0 
    0     0     0     0     0     0     0     0     0     0     0     0     0     0     0     0 
    0     0     0     0     0     0     0     0     0     0     0     0     0     0     0     0 
    0     0     0     0     0     0     0     0     0     0     0     0     0     0     0     0 
    0     0     0     0     0     0     0     0     0     0     0     0     0     0     0     0 
    0     0     0     0     0     0     0     0     0     0     0     0     0     0     0     0 
    0     0     0     0     0     0     0     0     0     0     0     0     0     0     0     0 
    0     0     0     0     0     0     0     0     0     0     0     0     0     0     0     0 
    0     0     0     0     0     0     0     0     0     0     0     0     0     0     0     0 
    0     0     0     0     0     0     0     0     0     0     0     0     0     0     0     0 
    0     0     0     0     0     0     0     0     0     0     0     0     0     0     0     0 
    0     0     0     0     0     0     0     0     0     0     0     0     0     0     1 15116 
  780   295   191   156   113   102    96    65   108    88    71    80    86    75    60    69 
   68    54    56    61    58    64    49    77    56    59    62    45    54    50    40    53 
   52    54    58    37    57    49    42    44    43    39    36    44    39    38    58    36 
   43    40    49    42    34    49    38    47    49    39    43    38    48    54    45    44 
   52    42    47    41    44    42    47    40    44    41    49    28    30    44    40    37 
   32    40    36    42    41    30    31    40    27    35    41    31    44    44    31    31 
   29    37    40    36    34    33    39    38    38    37    31    36    44    44    40    36 
   45    34    29    31    41    37    40    41    40    40    33    38    41    34    39    42 
   26    33    32    39    22    35    38    26    34    35    24    36    33    27    32    28 
   21    34    33    27    34    28    23    18    20    27    24    42    39    26    32    22 
   24    30    24    37    30    20    25    32    25    23    34    29    37    25    20    29 
   23    25    34    27    20    29    38    29    31    35    26    30    24    18    21    26 
   30    30    25    41    32    27    28    31    27    34    27    30    29    25    22    24 
   28    29    38    22    25    27    37    23    24    24    30    24    27    34    15    20 
   19    29    29    15    31    21    17    29    16    21    21    20    24    36    21    24 
   24    22    15    25    16    23    17    17    20    16    28    20    21    22    22    22 
   22    29    31    22    23    18    29    31    42    26    34    28    30    52    39    37 
   38    47    39    50    58    52    46    60    70    57    67    72    64    76    80    93 
  105    97    94   116   123   122   143   160   181   156   173   184   163   229   227   231 
  247   270   284   277   301   267   298   340   338   370   382   385   357   407   411   408 
  443   428   504   444   450   449   449   504   506   508   465   474   484   494   503   450 
  505   498   477   477   469   472   457   455   444   467   410   418   415   396   403   394 
  350   352   347   324   337   283   286   258   269   286   272   259   211   208   192   163 
  185   171   183   191   137   165   115   144   121   117   106   112    91    95    83    76 
   75    82    63    60    63    52    38    42    47    38    34    31    35    34    29    23 
   26    18    23    22    12    14    24    16    14    14    21    20    19    14    19     9 
   10    10    12    15     7     8    11    13     6     8    11     4    14     9     9     3 
    4     7    10    10     8     9    15     7     5     8     6     5    11     8     5     6 
   16     7    10     9    11     7     5     8     9     9     9     8     9     3     5     9 
    6     5     6     6    13     3     6     8    10     7     5     4     5     9     4     4 
    2     5     6     4     7     6     6     7     5     3     4     7     5     3     6     4 
    6     3     3     7     3     9     3     8     4     4     1    13     9     3     4     3 
    5    11     3     9     4     0     2     2     4     5     2     3     5     5     2     6 
    3     6     3     5    10     7     5     5     1     4     6     8     5     6     4     5 
    2     3     4     5     6     3     2     4     5     5     7     3     3     6     4     3 
    2     4     4     4     3     2     3     3     2     3     2     3     3     5     3     5 
    6     3     4     8     4     5     2     2     5     5     3     6     4     5     4     3 
    2     0     4     4     2     4     3     4     3     3     4     4     2     4     2     3 
    0     0     5     5     2     2     5     6     7     2     3     5     3     4     3     2 
    1     1     2     1     5     1     6     2     2     4     1     4     1     1     1     0 
    6     3     2     3     8     4     3     8     4     4     3     4     3     5     4     5 
    6     4     3     3     3     3     3     1     5     4     3     3     6     4     5     2 
    0     6     3     4     3     2     3     0     2     4     1     5     3     6     3     5 
    6     1     5     5     3     4     1     1     3     4     2     4     2     1     3     3 
    4     5     2     6     4     5     1     2     3     2     2     3     4     5     0     2 
    4     2     3     2     5     4     3     1     1     4     4     2     2     2     3     4 
    4     2     1     2     2     1     2     1     2     1     5     3     5     6     1     2 
    2     1     0     5     2     5     2     2     4     3     8     0     2     2     2     3 
    4     1     1     3     4     4     1     1     0     4     1     4     2     4     5     3 
    1     4     7     7     2     4     3     6     4     2     3     3     3     1     2     1 
    6     4     5     5     4     4     2     4     3     4     5     1     2     0     7  1560 
>> 02/26/2025 14:13:41
Sample: BGO
Run-Type: 2
Gate: 1500 (ns)
Pedestal: 357
Source-Energy: 1.000000 (MeV)
Channel-PE: 1.000000
Run-Time: 180 (Sec)
HV: 1689
Motor-Position: 5 0
Neslab-temp: -1234.0
SR630-temp: -1000.0  -1000.0  -1000.0
T1: T1 0.000000
T2: T2 0.000000
T3: T3 0.000000
T4: T4 0.000000
T5: T5 0.000000
Data:
    0     0     0     0     0     0     0     0     0     0     0     0     0     0     0     0 
    0     0     0     0     0     0     0     0     0     0     0     0     0     0     0     0 
    0     0     0     0     0     0     0     0     0     0     0     0     0     0     0     0 
    0     0     0     0     0     0     0     0     0     0     0     0     0     0     0     0 
    0     0     0     0     0     0     0     0     0     0     0     0     0     0     0     0 
    0     0     0     0     0     0     0     0     0     0     0     0     0     0     0     0 
    0     0     0     0     0     0     0     0     0     0     0     0     0     0     0     0 
    0     0     0     0     0     0     0     0     0     0     0     0     0     0     0     0 
    0     0     0     0     0     0     0     0     0     0     0     0     0     0     0     0 
    0     0     0     0     0     0     0     0     0     0     0     0     0     0     0     0 
    0     0     0     0     0     0     0     0     0     0     0     0     0     0     0     0 
    0     0     0     0     0     0     0     0     0     0     0     0     0     0     0     0 
    0     0     0     0     0     0     0     0     0     0     0     0     0     0     0     0 
    0     0     0     0     0     0     0     0     0     0     0     0     0     0     0     0 
    0     0     0     0     0     0     0     0     0     0     0     0     0     0     0     0 
    0     0     0     0     0     0     0     0     0     0     0     0     0     0     0     0 
    0     0     0     0     0     0     0     0     0     0     0     0     0     0     0     0 
    0     0     0     0     0     0     0     0     0     0     0 42768 38169   527   218   160 
  144   112    96    91    80    91    72    79    68    65    60    67    61    65    80    50 
   66    55    53    50    54    49    51    37    45    49    39    48    49    52    55    44 
   42    60    49    39    46    47    42    52    39    38    30    46    41    37    48    42 
   39    44    33    36    36    49    44    34    38    43    46    40    44    36    44    39 
   45    35    47    30    46    41    33    46    36    31    35    32    36    36    31    38 
   42    34    42    45    28    33    37    38    43    30    35    34    32    39    36    32 
   38    27    27    34    30    37    33    36    31    27    24    41    31    36    28    29 
   25    44    31    35    35    38    35    38    25    36    25    39    42    33    30    35 
   43    34    31    37    27    36    40    26    30    32    39    30    19    26    36    39 
   31    30    25    45    26    29    31    33    30    34    29    29    34    36    30    40 
   26    37    27    24    33    31    24    28    33    24    21    27    28    24    31    21 
   28    24    27    23    19    27    35    17    26    19    33    31    22    22    16    24 
   25    28    17    24    28    20    25    26    25    26    26    25    26    20    23    24 
   18    36    18    15    30    26    30    31    21    37    20    24    35    24    23    19 
   21    25    23    25    24    21    23    25    27    30    26    22    23    22    23    27 
   28    31    18    19    17    26    16    15    18    20    19    18    22    19    31    22 
   17    12    19    22    19    16    18    22    23    19    25    15    30    23    19    15 
   25    27    28    25    31    27    22    22    28    23    24    27    22    28    33    35 
   31    43    38    42    34    40    54    39    35    48    50    51    59    62    61    70 
   83    88    82    77   105    77   114   110   100   128   136   145   149   161   180   188 
  179   189   191   224   227   233   239   284   269   257   312   335   303   311   317   361 
  351   387   382   411   395   368   430   413   447   451   455   455   438   449   465   437 
  456   432   456   492   484   463   464   450   431   482   461   427   441   428   442   412 
  422   388   399   392   362   370   357   375   361   329   324   291   290   297   273   258 
  254   238   241   253   250   206   179   164   173   178   151   172   130   153   149   127 
  128   118   120    97    96    95    95    94    69    76    68    64    70    56    48    57 
   42    49    42    41    37    36    40    33    25    25    30    26    22    19    24    15 
   25    15    20    16    16    12    14    13    14     9     8    13    13    17    11     8 
   10    11     6    13     6     5     5     4     6    10     9     7     9     3     9     6 
   10     9     3     6    13     5     8     6     9     8     8     3     9    13     5     5 
   10    14     4     5     4     9    11     4     6     7     6     4     6    10     8     6 
    8     6     7     6     7     5     8     7     6     7     6     4     6     8     6     6 
    3     7     7     2     5     4     6    12     4     6    10     8     3     0     7     6 
    6     7     3     4     4     2     6     3     8     2     4     5     7     2     7     4 
    4     2     9     1     3     6     7     5     4     3     4     1     7     2     6     4 
    3     7     5     4     1     2     3     4     5     5     6     8     4     3     7     3 
    0     6     3     0    11     2     2     4     4     3     4     5     7     3     4     6 
    2     7     2     2     3     1     2     2     3     5     8     3     4     2     3     3 
    3     7     2     5     5     2     3     0     3     5     3     3     1     2     5     8 
    0     4     9     3     3     3     4     5     1     9     5     5     5     2     3     8 
    2     4     2     2     4     6     4     3     2     2     4     6     3     3     2     5 
    0     2     5     5     6     5     4     7     5     4     1     4     5     6     4     6 
    4     3     4     5     7     5     4     4     1     3     0     0     2     3     5     2 
    3     2     6     2     7     0     1     1     3     3     4     8     2     2     1     4 
    7     2     5     4     6     4     1     3     6     3     3     4     1     3     3     0 
    0     2     2     3     4     4     3     1     2     2     4     3     4     5     4  2058 
>> 02/26/2025 14:16:54
Sample: BGO
Run-Type: 2
Gate: 2000 (ns)
Pedestal: 357
Source-Energy: 1.000000 (MeV)
Channel-PE: 1.000000
Run-Time: 181 (Sec)
HV: 1689
Motor-Position: 5 0
Neslab-temp: -1234.0
SR630-temp: -1000.0  -1000.0  -1000.0
T1: T1 0.000000
T2: T2 0.000000
T3: T3 0.000000
T4: T4 0.000000
T5: T5 0.000000
Data:
    0     0     0     0     0     0     0     0     0     0     0     0     0     0     0     0 
    0     0     0     0     0     0     0     0     0     0     0     0     0     0     0     0 
    0     0     0     0     0     0     0     0     0     0     0     0     0     0     0     0 
    0     0     0     0     0     0     0     0     0     0     0     0     0     0     0     0 
    0     0     0     0     0     0     0     0     0     0     0     0     0     0     0     0 
    0     0     0     0     0     0     0     0     0     0     0     0     0     0     0     0 
    0     0     0     0     0     0     0     0     0     0     0     0     0     0     0     0 
    0     0     0     0     0     0     0     0     0     0     0     0     0     0     0     0 
    0     0     0     0     0     0     0     0     0     0     0     0     0     0     0     0 
    0     0     0     0     0     0     0     0     0     0     0     0     0     0     0     0 
    0     0     0     0     0     0     0     0     0     0     0     0     0     0     0     0 
    0     0     0     0     0     0     0     0     0     0     0     0     0     0     0     0 
    0     0     0     0     0     0     0     0     0     0     0     0     0     0     0     0 
    0     0     0     0     0     0     0     0     0     0     0     0     0     0     0     0 
    0     0     0     0     0     0     0     0     0     0     0     0     0     0     0     0 
    0     0     0     0     0     0     0     0     0     0     0     0     0     0     0     0 
    0     0     0     0     0     0     0     0     0     0     0     0     0     0     0     0 
    0     0     0     0     0     0     0     0     0     0     0     0     0     0     0     0 
    0     0     0     0     0     0     0     0     0     0     0     0     0     0     0     0 
    0     0     0     0     0     0     0     0     0     0     0     0     0     0     0     0 
    0     0     0     0     0     0     0     0     0     0     0     0     0     0     0     0 
    0     0     0     0     0     0     0     0     0     0     0     0     0     0     0     0 
    0     0     0     0     0 12648  2980   430   182   166   129   108    99    89    88    70 
   77    63    68    54    58    63    58    62    57    55    55    60    39    54    45    45 
   53    55    48    48    47    44    55    41    62    57    36    42    34    44    40    38 
   41    37    43    39    38    41    44    41    45    43    39    32    45    37    48    43 
   41    38    36    36    33    38    32    45    42    28    37    41    38    27    27    43 
   30    28    45    44    49    28    40    35    41    28    28    36    30    34    45    45 
   22    40    32    34    40    29    35    30    40    37    30    29    40    31    42    29 
   39    35    29    35    20    28    34    32    32    32    34    25    38    40    34    32 
   27    41    31    33    36    39    39    27    34    26    35    29    31    28    31    38 
   32    27    28    31    26    26    42    29    27    35    32    36    44    40    31    27 
   24    32    25    28    38    24    24    23    32    21    25    16    22    28    35    31 
   29    28    19    26    40    25    21    22    19    22    28    24    24    26    35    21 
   30    26    27    33    30    30    29    26    25    30    26    30    30    26    29    21 
   29    30    28    24    31    31    21    30    34    26    30    21    24    20    27    26 
   26    22    27    25    28    31    19    31    20    28    16    31    24    27    30    23 
   31    23    20    28    29    34    22    19    28    23    19    19    32    28    26    17 
   20    14    16    18    27    23    25    26    26    23    18    15    24    22    22    18 
   16    18    22    20    27    20    15    23    19    20    20    19    16    18    24    15 
   12    25    27    25    10    26    21    20    25    30    28    25    32    28    30    24 
   36    33    40    46    23    46    54    49    39    63    49    48    51    61    74    61 
   60    96    76    98    83   103   120   105   113   103   136   147   139   168   160   165 
  170   181   182   209   218   234   218   244   273   258   300   278   283   339   308   329 
  316   360   379   369   350   380   369   408   405   420   421   405   438   409   427   431 
  419   401   460   461   443   451   453   518   418   453   459   439   446   434   424   412 
  379   418   374   374   385   372   366   352   358   385   349   315   272   299   290   280 
  286   282   256   278   235   228   224   234   206   200   169   169   176   168   162   144 
  124   119   133   105   118   112   102    95    73    74    79    70    79    75    67    65 
   59    60    53    53    50    38    38    46    33    33    45    34    30    27    21    19 
   26    21    17    18    11    11    17    10    17    17    12    15    19    12     7    11 
   15    12     9     8    12     8    11    13     5     6    11    12    10     9     9     9 
    8     3     6    11    11     6    15    10     9     8     9     4    11     7     7     4 
   15     9     9     2    13     0     8     7     8     7     5     7     7    13     7     4 
    4     9     7     6     6     8     7     8     8     7    10     8     9     7     5    10 
    6    10     7     6     7     4     6     4     9     1     3     5     2     4     5     7 
    9     7     3     7     4     5     5     6     4     4     6     6     7     4     6     5 
    2     9     6     5     1     5     3     3     7     4     3     4    11     6     4     6 
    5     1     6     7     4     2     3     2     3     5     1     3     5     3     2     4 
    4     3     0     6     7     3     1     9     3     2     1     7     3     3     4     3 
    5     9     3     4     3     1     2     4     5     3     1     1     4     1     5     6 
    4     3     1     7     6     3     4     5     1     4     3     4    10     6     6     8 
    5     2     2     5     3     1     3     5     4     2     3     2     6     4     5     3 
    3     5     5     4     8     7     4     7     2     7     5     3     4     5     1  2462 
>> 02/26/2025 14:23:50
Sample: BGO
Run-Type: 2
Gate: 2500 (ns)
Pedestal: 357
Source-Energy: 1.000000 (MeV)
Channel-PE: 1.000000
Run-Time: 179 (Sec)
HV: 1689
Motor-Position: 5 0
Neslab-temp: -1234.0
SR630-temp: -1000.0  -1000.0  -1000.0
T1: T1 0.000000
T2: T2 0.000000
T3: T3 0.000000
T4: T4 0.000000
T5: T5 0.000000
Data:
    0     0     0     0     0     0     0     0     0     0     0     0     0     0     0     0 
    0     0     0     0     0     0     0     0     0     0     0     0     0     0     0     0 
    0     0     0     0     0     0     0     0     0     0     0     0     0     0     0     0 
    0     0     0     0     0     0     0     0     0     0     0     0     0     0     0     0 
    0     0     0     0     0     0     0     0     0     0     0     0     0     0     0     0 
    0     0     0     0     0     0     0     0     0     0     0     0     0     0     0     0 
    0     0     0     0     0     0     0     0     0     0     0     0     0     0     0     0 
    0     0     0     0     0     0     0     0     0     0     0     0     0     0     0     0 
    0     0     0     0     0     0     0     0     0     0     0     0     0     0     0     0 
    0     0     0     0     0     0     0     0     0     0     0     0     0     0     0     0 
    0     0     0     0     0     0     0     0     0     0     0     0     0     0     0     0 
    0     0     0     0     0     0     0     0     0     0     0     0     0     0     0     0 
    0     0     0     0     0     0     0     0     0     0     0     0     0     0     0     0 
    0     0     0     0     0     0     0     0     0     0     0     0     0     0     0     0 
    0     0     0     0     0     0     0     0     0     0     0     0     0     0     0     0 
    0     0     0     0     0     0     0     0     0     0     0     0     0     0     0     0 
    0     0     0     0     0     0     0     0     0     0     0     0     0     0     0     0 
    0     0     0     0     0     0     0     0     0     0     0     0     0     0     0     0 
    0     0     0     0     0     0     0     0     0     0     0     0     0     0     0     0 
    0     0     0     0     0     0     0     0     0     0     0     0     0     0     0     0 
    0     0     0     0     0     0     0     0     0     0     0     0     0     0     0     0 
    0     0     0     0     0     0     0     0     0     0     0     0     0     0     0     0 
    0     0     0     0     0     0     0     0     0     0     0     0     0     0     0     0 
    0     0     0     0     0     0     0     0     0     0     0     0     0     0     0     0 
    0     0     0     0     0     0     0     0     0     0     0     0     0     0     0     0 
    0     0     0     0     0     0     0     0     0     0     0     0     0     0     0     0 
    0     0     0     0     0     0     0     0     0     0     0     0     0     0 29600 51965 
  747   258   143   125   107   102    98    67    90    69    54    70    65    66    47    51 
   70    65    59    42    56    54    49    63    47    49    62    46    51    50    55    52 
   55    44    40    55    41    54    49    58    42    37    42    41    48    46    44    47 
   35    48    41    35    42    37    35    40    44    41    40    43    44    29    35    33 
   50    39    34    43    41    46    42    43    34    37    38    29    37    38    25    36 
   38    32    43    38    37    34    32    34    30    40    34    37    45    31    34    32 
   34    42    35    41    40    40    32    33    36    37    31    38    41    43    34    28 
   42    36    40    30    38    36    38    35    36    37    43    41    27    41    33    38 
   30    30    29    26    31    30    39    32    32    37    25    34    30    31    37    36 
   32    26    36    32    29    35    26    25    35    30    21    26    31    31    27    22 
   25    35    30    33    21    23    35    35    27    23    30    36    28    31    33    27 
   27    25    23    30    29    31    26    20    24    22    35    25    23    20    26    29 
   25    19    21    32    22    31    22    27    22    27    21    15    22    20    24    28 
   26    22    27    28    26    24    26    32    24    28    33    23    26    22    31    31 
   20    22    18    19    25    29    21    35    21    25    27    28    34    22    31    36 
   24    22    16    24    24    36    15    29    24    22    21    17    24    25    21    20 
   26    23    21    19    18    15    20    16    20    21    14    20    18    13    21    15 
   27    20    22    18    26    23    15    24    22    18    21    17    19    22    26    15 
   24    25    29    24    30    17    29    28    20    29    31    30    41    29    35    39 
   37    44    46    56    33    61    52    55    61    72    68    80    73    72    74    87 
  100    94    93   137   105   122   135   138   157   146   205   157   192   194   183   209 
  256   209   218   257   269   268   285   305   330   299   323   342   366   369   350   397 
  382   390   388   405   416   446   395   443   404   405   471   431   423   446   437   473 
  425   424   424   399   469   436   420   405   366   369   397   393   395   399   366   387 
  365   353   374   349   316   303   277   333   267   295   249   263   257   257   239   220 
  235   226   225   180   183   177   180   179   144   154   135   142   135   122   104   122 
  123    98   115    97    85    74    84    72    76    66    70    52    48    47    48    49 
   49    37    37    36    44    27    27    29    29    34    35    28    28    19    28    20 
   21    19    21    13    11     9     9    18    12    13    14     7    11     8     8     7 
   15     7     9     7    11    14    10    14    12     4     2     6    10     4     7    11 
    8     6     7    15     7     6     8    10    10    13    10     5    10    13     9     5 
    8     8    11     7    10     8    12     6     6     6     4     8     9     6     5     7 
    5    11     6     4     9     3     8    10     5    10     4     6     7     9     5     4 
    6     5     7     4     6    12     5     8     3     8     5     3     8     9     7     8 
    6     7     3     4     6     4     4     6     7     4     9     4     4     3     6     4 
    9     6     5     7     2     2     6     6     3     3     3    11     2     8     0     6 
    4     3     4     7     5     5     2     6     2     6     3     1     3    10     3  2910 
>> 02/26/2025 14:27:48
Sample: BGO
Run-Type: 2
Gate: 3000 (ns)
Pedestal: 357
Source-Energy: 1.000000 (MeV)
Channel-PE: 1.000000
Run-Time: 180 (Sec)
HV: 1689
Motor-Position: 5 0
Neslab-temp: -1234.0
SR630-temp: -1000.0  -1000.0  -1000.0
T1: T1 0.000000
T2: T2 0.000000
T3: T3 0.000000
T4: T4 0.000000
T5: T5 0.000000
Data:
    0     0     0     0     0     0     0     0     0     0     0     0     0     0     0     0 
    0     0     0     0     0     0     0     0     0     0     0     0     0     0     0     0 
    0     0     0     0     0     0     0     0     0     0     0     0     0     0     0     0 
    0     0     0     0     0     0     0     0     0     0     0     0     0     0     0     0 
    0     0     0     0     0     0     0     0     0     0     0     0     0     0     0     0 
    0     0     0     0     0     0     0     0     0     0     0     0     0     0     0     0 
    0     0     0     0     0     0     0     0     0     0     0     0     0     0     0     0 
    0     0     0     0     0     0     0     0     0     0     0     0     0     0     0     0 
    0     0     0     0     0     0     0     0     0     0     0     0     0     0     0     0 
    0     0     0     0     0     0     0     0     0     0     0     0     0     0     0     0 
    0     0     0     0     0     0     0     0     0     0     0     0     0     0     0     0 
    0     0     0     0     0     0     0     0     0     0     0     0     0     0     0     0 
    0     0     0     0     0     0     0     0     0     0     0     0     0     0     0     0 
    0     0     0     0     0     0     0     0     0     0     0     0     0     0     0     0 
    0     0     0     0     0     0     0     0     0     0     0     0     0     0     0     0 
    0     0     0     0     0     0     0     0     0     0     0     0     0     0     0     0 
    0     0     0     0     0     0     0     0     0     0     0     0     0     0     0     0 
    0     0     0     0     0     0     0     0     0     0     0     0     0     0     0     0 
    0     0     0     0     0     0     0     0     0     0     0     0     0     0     0     0 
    0     0     0     0     0     0     0     0     0     0     0     0     0     0     0     0 
    0     0     0     0     0     0     0     0     0     0     0     0     0     0     0     0 
    0     0     0     0     0     0     0     0     0     0     0     0     0     0     0     0 
    0     0     0     0     0     0     0     0     0     0     0     0     0     0     0     0 
    0     0     0     0     0     0     0     0     0     0     0     0     0     0     0     0 
    0     0     0     0     0     0     0     0     0     0     0     0     0     0     0     0 
    0     0     0     0     0     0     0     0     0     0     0     0     0     0     0     0 
    0     0     0     0     0     0     0     0     0     0     0     0     0     0     0     0 
    0     0     0     0     0     0     0     0     0     0     0     0     0     0     0     0 
    0     0     0     0     0     0     0     0     0     0     0     0     0     0     0     0 
    0     0     0     0     0     0     0     0     0     0     0     0     0     0     0     0 
    0     0     0     0     0     0     0     0     0     0     0     0     0     0     0     0 
    0     0     0     0     0     0     0 18409 63505   860   232   159   127   108   109    80 
   77    82    73    78    58    70    74    55    61    59    55    60    51    55    51    55 
   53    47    46    47    47    52    45    54    45    55    44    49    53    35    53    47 
   55    37    39    36    30    42    44    47    44    40    41    49    25    36    42    41 
   36    34    44    43    47    51    36    35    46    24    39    33    35    42    40    49 
   47    40    40    42    27    31    45    35    31    26    47    28    39    26    30    46 
   33    34    37    41    33    36    39    28    34    42    30    40    39    39    35    28 
   36    31    36    36    43    31    32    29    38    30    47    35    27    40    47    27 
   30    34    27    38    35    40    29    38    34    34    25    38    27    42    31    34 
   37    37    43    30    42    37    24    28    34    33    31    30    28    39    30    25 
   32    27    35    34    42    39    26    31    24    24    25    26    29    27    40    32 
   19    29    23    19    21    18    27    25    27    30    23    26    21    30    21    36 
   31    31    23    31    33    31    24    31    14    23    32    22    30    20    27    23 
   29    20    23    31    28    31    22    16    22    19    16    26    24    17    30    32 
   19    30    32    24    27    23    34    29    23    29    20    34    23    18    14    27 
   23    34    27    30    25    24    25    37    22    20    26    16    19    24    20    20 
   13    26    30    19    31    25    24    20    16    24    30    11    19    23    31    24 
   24    16    28    14    23    19    24    16    20    16    18    22    22    24    15    27 
   22    19    24    24    18    17    22    20    15    23    24    24    13    20    29    36 
   24    22    32    30    29    31    37    35    41    40    43    44    50    40    61    43 
   45    57    72    63    79    79    78    65    77   100   120   106   108   114   132   144 
  147   148   141   185   161   174   197   211   191   187   239   241   265   236   277   297 
  278   308   316   322   291   315   357   336   370   381   387   396   393   342   376   412 
  436   441   451   439   431   404   384   461   470   452   436   390   418   436   474   463 
  468   396   384   410   366   382   361   393   387   345   364   342   350   347   321   331 
  325   315   296   294   291   252   255   227   234   227   221   245   197   205   206   153 
  169   165   160   140   154   107   127   129   100   116   115    79   107    73    79    76 
   73    62    51    66    56    69    54    64    65    39    41    40    39    40    44    35 
   28    37    28    17    23    29    17    18    22    19    19    16    17    10    17    10 
   16    12    13    15     8    19     9    18     7     8    10     7     4    12    12    11 
   11     9     5    13    12     8    11    11     8     4    10     6    15     7     8    14 
    5     8     7    12     6     8     6     9    12     6     7     3     5     7     6    10 
   10     7     9     4     9    10     6    13     8     6     8     8     6     9     2  3378 
