>> 01/17/2025 15:14:11
Sample: BGO
Run-Type: 2
Gate: 50 (ns)
Pedestal: 44
Source-Energy: 1.000000 (MeV)
Channel-PE: 1.000000
Run-Time: 61 (Sec)
HV: 1689
Motor-Position: 5 0
Neslab-temp: -1234.0
SR630-temp: -1000.0  -1000.0  -1000.0
T1: T1 0.000000
T2: T2 0.000000
T3: T3 0.000000
T4: T4 0.000000
T5: T5 0.000000
Data:
    0     0     0     0     0     0     0     0     0     0     0     0     0     0     0     0 
    0     0     0     0     0     0     0     0     1 25950   328   262   208   178   177   167 
  145   134   145   130   146   159   174   215   272   390   482   564   663   747   828   919 
  910   901   854   811   707   614   472   406   358   267   193   168   120    93    82    64 
   50    40    40    44    45    28    39    39    38    33    30    31    25    36    23    23 
   21    18    17    27    19    21    29    19    18    12    18    19    23    13    21    11 
   16    16    12    15    13    10     9    15     8    16     6     9     8    15    12    23 
   12    13    14     8    10     7    17    11    15    14     9    11     7    13     8    12 
   11    10     4     3     5     3     5     5     4     1     2     1     3     0     0     1 
    1     1     1     2     1     1     1     0     0     0     1     0     0     0     1     0 
    0     1     0     1     0     0     1     1     0     0     0     0     0     0     0     0 
    0     0     0     0     0     1     0     0     1     0     0     1     0     0     0     0 
    0     0     0     0     0     0     1     0     0     0     0     0     0     0     0     0 
    0     0     0     0     0     0     0     0     0     0     0     0     0     0     0     0 
    0     0     0     0     0     0     0     0     0     0     0     0     0     0     0     0 
    0     0     0     0     0     0     0     0     0     0     0     0     0     0     0     0 
    0     0     0     0     0     0     0     0     0     0     0     0     0     0     0     0 
    0     0     0     0     0     0     0     0     0     0     0     0     0     0     0     0 
    0     0     0     0     0     0     0     0     0     0     0     0     0     0     0     0 
    0     0     0     0     0     0     0     0     0     0     0     0     0     0     0     0 
    0     0     0     0     0     0     0     0     0     0     0     0     0     0     0     0 
    0     0     0     0     0     0     0     0     0     0     0     0     0     0     0     0 
    0     0     0     0     0     0     0     0     0     0     0     0     0     0     0     0 
    0     0     0     0     0     0     0     0     0     0     0     0     0     0     0     0 
    0     0     0     0     0     0     0     0     0     0     0     0     0     0     0     0 
    0     0     0     0     0     0     0     0     0     0     0     0     0     0     0     0 
    0     0     0     0     0     0     0     0     0     0     0     0     0     0     0     0 
    0     0     0     0     0     0     0     0     0     0     0     0     0     0     0     0 
    0     0     0     0     0     0     0     0     0     0     0     0     0     0     0     0 
    0     0     0     0     0     0     0     0     0     0     0     0     0     0     0     0 
    0     0     0     0     0     0     0     0     0     0     0     0     0     0     0     0 
    0     0     0     0     0     0     0     0     0     0     0     0     0     0     0     0 
    0     0     0     0     0     0     0     0     0     0     0     0     0     0     0     0 
    0     0     0     0     0     0     0     0     0     0     0     0     0     0     0     0 
    0     0     0     0     0     0     0     0     0     0     0     0     0     0     0     0 
    0     0     0     0     0     0     0     0     0     0     0     0     0     0     0     0 
    0     0     0     0     0     0     0     0     0     0     0     0     0     0     0     0 
    0     0     0     0     0     0     0     0     0     0     0     0     0     0     0     0 
    0     0     0     0     0     0     0     0     0     0     0     0     0     0     0     0 
    0     0     0     0     0     0     0     0     0     0     0     0     0     0     0     0 
    0     0     0     0     0     0     0     0     0     0     0     0     0     0     0     0 
    0     0     0     0     0     0     0     0     0     0     0     0     0     0     0     0 
    0     0     0     0     0     0     0     0     0     0     0     0     0     0     0     0 
    0     0     0     0     0     0     0     0     0     0     0     0     0     0     0     0 
    0     0     0     0     0     0     0     0     0     0     0     0     0     0     0     0 
    0     0     0     0     0     0     0     0     0     0     0     0     0     0     0     0 
    0     0     0     0     0     0     0     0     0     0     0     0     0     0     0     0 
    0     0     0     0     0     0     0     0     0     0     0     0     0     0     0     0 
    0     0     0     0     0     0     0     0     0     0     0     0     0     0     0     0 
    0     0     0     0     0     0     0     0     0     0     0     0     0     0     0     0 
    0     0     0     0     0     0     0     0     0     0     0     0     0     0     0     0 
    0     0     0     0     0     0     0     0     0     0     0     0     0     0     0     0 
    0     0     0     0     0     0     0     0     0     0     0     0     0     0     0     0 
    0     0     0     0     0     0     0     0     0     0     0     0     0     0     0     0 
    0     0     0     0     0     0     0     0     0     0     0     0     0     0     0     0 
    0     0     0     0     0     0     0     0     0     0     0     0     0     0     0     0 
    0     0     0     0     0     0     0     0     0     0     0     0     0     0     0     0 
    0     0     0     0     0     0     0     0     0     0     0     0     0     0     0     0 
    0     0     0     0     0     0     0     0     0     0     0     0     0     0     0     0 
    0     0     0     0     0     0     0     0     0     0     0     0     0     0     0     0 
    0     0     0     0     0     0     0     0     0     0     0     0     0     0     0     0 
    0     0     0     0     0     0     0     0     0     0     0     0     0     0     0     0 
    0     0     0     0     0     0     0     0     0     0     0     0     0     0     0     0 
    0     0     0     0     0     0     0     0     0     0     0     0     0     0     0     0 
>> 01/17/2025 15:16:06
Sample: BGO
Run-Type: 2
Gate: 100 (ns)
Pedestal: 44
Source-Energy: 1.000000 (MeV)
Channel-PE: 1.000000
Run-Time: 61 (Sec)
HV: 1689
Motor-Position: 5 0
Neslab-temp: -1234.0
SR630-temp: -1000.0  -1000.0  -1000.0
T1: T1 0.000000
T2: T2 0.000000
T3: T3 0.000000
T4: T4 0.000000
T5: T5 0.000000
Data:
    0     0     0     0     0     0     0     0     0     0     0     0     0     0     0     0 
    0     0     0     0     0     0     0     0     0     0     0     0     0     0     0     0 
    0     0     0     0     0     0     0     0     0     0     0   239 25377   183   116   120 
   95    86    89    79    92    96    77    76    72    69    83    84    72    63    61    60 
   56    63    62    49    54    60    50    51    54    50    51    44    54    40    51    50 
   54    37    40    43    46    47    44    48    63    61    61    90    87   102   138   169 
  192   188   251   284   320   362   406   429   436   482   435   521   491   488   519   502 
  496   438   442   377   373   313   297   261   209   199   207   138   147   130   106    83 
   72    67    46    47    48    32    24    18    28    15    15    12    14     9    10    13 
   15    12    10     9    11     5    12     4    13     3    11     4     6     5     5     4 
    6     6     7     6     6     8     6     3     2     8     4     7     6    10     7     3 
    5     5     6     5     6     7     6     4     6     7     3     5     3     4     3     8 
    9     8     5     9     5     8     7     8     5     1     3     7     5     5     7     4 
    6    10     6     4     6     6     5     7     5     7     7     3     3     7     7     4 
   10     2     3     4     5     5     8     4     2     7     6     4     7     8     7     5 
    5     6     3     6     5     4     5     3     5     3     3     1     3     4     3     4 
    3     3     2     3     1     3     0     2     8     1     3     3     3     2     4     4 
    7     4     4     5     3     6     4     9     6     5     9     8     5     4    10     8 
    6     7     5     3     8     7    13     6     8     9     4     9     4     6     5    10 
    8     7     8     4     2     5     5     6     5     6     4     3     1     1     2     5 
    0     4     1     0     1     6     1     3     1     1     2     0     3     1     0     0 
    0     0     1     1     2     0     0     0     1     0     0     1     2     0     0     2 
    0     0     0     1     0     0     0     0     0     0     0     0     0     0     0     0 
    0     0     0     0     0     0     0     0     0     0     0     0     0     1     0     0 
    0     0     0     0     0     0     0     0     0     0     0     0     0     0     0     0 
    0     0     0     0     0     0     0     0     0     0     0     0     0     0     0     0 
    0     0     0     0     0     0     0     0     0     0     0     0     0     0     0     0 
    0     0     0     0     0     0     0     0     0     0     0     0     0     0     0     0 
    0     0     0     0     0     0     0     0     0     0     0     0     0     0     0     0 
    0     0     0     0     0     0     0     0     0     0     0     0     0     0     0     0 
    0     0     0     0     0     0     0     0     0     0     0     0     0     0     0     0 
    0     0     0     0     0     0     0     0     0     0     0     0     0     0     0     0 
    0     0     0     0     0     0     0     0     0     0     0     0     0     0     0     0 
    0     0     0     0     0     0     0     0     0     0     0     0     0     0     0     0 
    0     0     0     0     0     0     0     0     0     0     0     0     0     0     0     0 
    0     0     0     0     0     0     0     0     0     0     0     0     0     0     0     0 
    0     0     0     0     0     0     0     0     0     0     0     0     0     0     0     0 
    0     0     0     0     0     0     0     0     0     0     0     0     0     0     0     0 
    0     0     0     0     0     0     0     0     0     0     0     0     0     0     0     0 
    0     0     0     0     0     0     0     0     0     0     0     0     0     0     0     0 
    0     0     0     0     0     0     0     0     0     0     0     0     0     0     0     0 
    0     0     0     0     0     0     0     0     0     0     0     0     0     0     0     0 
    0     0     0     0     0     0     0     0     0     0     0     0     0     0     0     0 
    0     0     0     0     0     0     0     0     0     0     0     0     0     0     0     0 
    0     0     0     0     0     0     0     0     0     0     0     0     0     0     0     0 
    0     0     0     0     0     0     0     0     0     0     0     0     0     0     0     0 
    0     0     0     0     0     0     0     0     0     0     0     0     0     0     0     0 
    0     0     0     0     0     0     0     0     0     0     0     0     0     0     0     0 
    0     0     0     0     0     0     0     0     0     0     0     0     0     0     0     0 
    0     0     0     0     0     0     0     0     0     0     0     0     0     0     0     0 
    0     0     0     0     0     0     0     0     0     0     0     0     0     0     0     0 
    0     0     0     0     0     0     0     0     0     0     0     0     0     0     0     0 
    0     0     0     0     0     0     0     0     0     0     0     0     0     0     0     0 
    0     0     0     0     0     0     0     0     0     0     0     0     0     0     0     0 
    0     0     0     0     0     0     0     0     0     0     0     0     0     0     0     0 
    0     0     0     0     0     0     0     0     0     0     0     0     0     0     0     0 
    0     0     0     0     0     0     0     0     0     0     0     0     0     0     0     0 
    0     0     0     0     0     0     0     0     0     0     0     0     0     0     0     0 
    0     0     0     0     0     0     0     0     0     0     0     0     0     0     0     0 
    0     0     0     0     0     0     0     0     0     0     0     0     0     0     0     0 
    0     0     0     0     0     0     0     0     0     0     0     0     0     0     0     0 
    0     0     0     0     0     0     0     0     0     0     0     0     0     0     0     0 
    0     0     0     0     0     0     0     0     0     0     0     0     0     0     0     0 
    0     0     0     0     0     0     0     0     0     0     0     0     0     0     0     0 
>> 01/17/2025 15:17:47
Sample: BGO
Run-Type: 2
Gate: 150 (ns)
Pedestal: 44
Source-Energy: 1.000000 (MeV)
Channel-PE: 1.000000
Run-Time: 60 (Sec)
HV: 1689
Motor-Position: 5 0
Neslab-temp: -1234.0
SR630-temp: -1000.0  -1000.0  -1000.0
T1: T1 0.000000
T2: T2 0.000000
T3: T3 0.000000
T4: T4 0.000000
T5: T5 0.000000
Data:
    0     0     0     0     0     0     0     0     0     0     0     0     0     0     0     0 
    0     0     0     0     0     0     0     0     0     0     0     0     0     0     0     0 
    0     0     0     0     0     0     0     0     0     0     0     0     0     0     0     0 
    0     0     0     0 25162   249   137    91    96    91    82    71    72    54    53    52 
   56    55    56    58    56    45    52    53    38    46    47    61    53    52    41    39 
   42    41    29    35    44    40    36    39    41    43    39    40    20    34    29    35 
   33    35    30    29    42    31    29    40    30    20    27    31    23    39    25    33 
   24    25    27    30    21    23    32    31    29    35    26    40    39    26    35    30 
   45    66    76    75    78   100   118   124   129   181   172   197   209   254   263   263 
  294   352   317   349   381   394   368   380   427   421   386   388   383   358   338   314 
  307   287   276   240   214   204   203   213   165   140   121   105   104    85    84    76 
   59    55    43    43    30    21    20    23    24    12    20    13     7    13    15    10 
    5     7     8     7    10     5     8     6     9     6     7     7     7     8     9     9 
    4     3     9     8     6     5     6     6     4     1     3     5     3     6     3     6 
    4     6     8     6     2     4     4     4     4     4     6     3     2     2     6     5 
    4     3     2     1     1     0     2     2     6     4     5     2     6     5     5     6 
    1     4     5     1     4     5     2     2     5     6     3     2     3     5     1     1 
    4     3     2     2     4     5     1     1     2     0     0     4     1     1     6     6 
    6     4     0     6     3     3     2     4     5     1     6     3     2     5     4     1 
    4     5     4     6     4     4     1     4     5     2     4     2     5     7     5     3 
    3     6     3     4     6     2     5     5     5     2     5     5     4     2     5     6 
    1     7     3     7     0     1     7     5     4     4     4     4     2     2     4     0 
    2     5     2     3     3     5     1     2     2     3     5     2     0     0     2     4 
    5     3     2     1     3     0     1     5     2     1     2     3     2     3     1     2 
    2     0     1     3     3     2     0     1     3     0     6     2     0     0     2     0 
    1     1     0     2     1     1     2     1     4     8     1     2     3     2     1     4 
    5     3     2     3     2     2     4     3     1     7     3     2     1     5     5     7 
    4     2     3     1     3     3     7     3     6     8     4     4     4     5     4     4 
    2     5     5     8     2     4     2     4     2     3     7     2     2     1     4     2 
    3     1     3     0     2     2     3     1     2     2     0     2     2     4     2     2 
    3     1     0     1     2     1     1     0     2     1     0     0     0     0     0     0 
    0     0     0     0     0     0     0     0     1     0     0     2     0     0     0     1 
    0     0     0     0     0     0     0     0     0     0     0     0     0     0     0     1 
    0     0     0     0     0     0     0     0     0     0     0     0     0     0     0     0 
    0     0     0     0     0     0     0     0     0     0     0     0     0     0     0     0 
    0     0     0     0     0     0     0     0     0     0     0     0     0     0     0     0 
    0     0     0     0     0     0     0     0     0     0     0     0     0     0     0     0 
    0     0     0     0     0     0     0     0     0     0     0     0     0     0     0     0 
    0     0     0     0     0     0     0     0     0     0     0     0     0     0     0     0 
    0     0     0     0     0     0     0     0     0     0     0     0     0     0     0     0 
    0     0     0     0     0     0     0     0     0     0     0     0     0     0     0     0 
    0     0     0     0     0     0     0     0     0     0     0     0     0     0     0     0 
    0     0     0     0     0     0     0     0     0     0     0     0     0     0     0     0 
    0     0     0     0     0     0     0     0     0     0     0     0     0     0     0     0 
    0     0     0     0     0     0     0     0     0     0     0     0     0     0     0     0 
    0     0     0     0     0     0     0     0     0     0     0     0     0     0     0     0 
    0     0     0     0     0     0     0     0     0     0     0     0     0     0     0     0 
    0     0     0     0     0     0     0     0     0     0     0     0     0     0     0     0 
    0     0     0     0     0     0     0     0     0     0     0     0     0     0     0     0 
    0     0     0     0     0     0     0     0     0     0     0     0     0     0     0     0 
    0     0     0     0     0     0     0     0     0     0     0     0     0     0     0     0 
    0     0     0     0     0     0     0     0     0     0     0     0     0     0     0     0 
    0     0     0     0     0     0     0     0     0     0     0     0     0     0     0     0 
    0     0     0     0     0     0     0     0     0     0     0     0     0     0     0     0 
    0     0     0     0     0     0     0     0     0     0     0     0     0     0     0     0 
    0     0     0     0     0     0     0     0     0     0     0     0     0     0     0     0 
    0     0     0     0     0     0     0     0     0     0     0     0     0     0     0     0 
    0     0     0     0     0     0     0     0     0     0     0     0     0     0     0     0 
    0     0     0     0     0     0     0     0     0     0     0     0     0     0     0     0 
    0     0     0     0     0     0     0     0     0     0     0     0     0     0     0     0 
    0     0     0     0     0     0     0     0     0     0     0     0     0     0     0     0 
    0     0     0     0     0     0     0     0     0     0     0     0     0     0     0     0 
    0     0     0     0     0     0     0     0     0     0     0     0     0     0     0     0 
    0     0     0     0     0     0     0     0     0     0     0     0     0     0     0     0 
>> 01/17/2025 15:19:12
Sample: BGO
Run-Type: 2
Gate: 200 (ns)
Pedestal: 44
Source-Energy: 1.000000 (MeV)
Channel-PE: 1.000000
Run-Time: 60 (Sec)
HV: 1689
Motor-Position: 5 0
Neslab-temp: -1234.0
SR630-temp: -1000.0  -1000.0  -1000.0
T1: T1 0.000000
T2: T2 0.000000
T3: T3 0.000000
T4: T4 0.000000
T5: T5 0.000000
Data:
    0     0     0     0     0     0     0     0     0     0     0     0     0     0     0     0 
    0     0     0     0     0     0     0     0     0     0     0     0     0     0     0     0 
    0     0     0     0     0     0     0     0     0     0     0     0     0     0     0     0 
    0     0     0     0     0     0     0     0     0     0     0  1748 23477   139    86    71 
   73    78    49    42    53    53    42    49    45    51    45    45    36    43    42    36 
   43    43    45    28    36    36    27    38    42    22    31    43    29    34    29    28 
   49    36    39    38    17    35    39    26    26    27    29    31    26    19    21    20 
   23    25    19    20    27    23    20    31    29    25    23    29    23    19    21    18 
   32    26    21    34    30    18    29    20    18    28    24    27    19    24    26    18 
   21    14    15    17    17    27    26    18    21    14    25    23    26    29    42    34 
   38    51    58    45    46    70    78    82    71    88   113   140   145   161   177   219 
  223   214   224   255   273   285   296   306   326   339   295   367   345   319   381   334 
  312   347   325   309   277   276   274   257   240   240   199   199   210   157   171   165 
  119   117    99   101    68    85    70    53    62    55    37    43    31    34    36    20 
   14    15    18    17    10    20    14    13    10     8     6    11    13     7     5    11 
   11     7     6    10    10     7     3     7     6     4     3     7     6     9     8     6 
    3     4     8     3     5     2     1     4     7     4     4     2     4     4     3     3 
    1     5     4     4     3     3     2     4     3     5     4     4     2     2     5     2 
    3     4     4     3     7     1     0     1     1     2     0     1     2     0     2     2 
    0     4     2     4     3     4     1     7     3     2     4     1     2     3     0     2 
    1     5     1     3     1     1     4     3     1     1     4     4     2     2     3     1 
    0     5     5     5     1     1     5     2     4     5     2     4     1     0     0     3 
    2     1     2     1     1     4     2     2     0     2     5     2     0     4     0     2 
    3     1     4     3     0     5     3     3     4     2     1     1     4     1     0     2 
    4     5     1     1     2     3     3     3     4     1     2     5     5     0     3     0 
    1     6     4     4     1     2     3     4     1     3     5     2     2     3     5     5 
    4     4     2     4     4     8     4     5     2     5     1     0     5     4     3     1 
    7     3     1     2     4     2     3     2     2     4     4     2     4     0     1     0 
    3     2     1     4     1     2     2     2     1     1     2     2     2     1     3     3 
    1     2     1     4     1     1     1     3     0     5     3     2     1     1     1     0 
    1     1     1     0     3     0     0     1     1     1     3     0     3     1     1     1 
    0     0     3     2     2     1     1     0     2     0     0     1     1     1     0     2 
    1     1     1     2     1     0     2     1     3     0     3     0     1     0     2     2 
    1     4     1     0     4     1     3     2     1     2     6     2     2     5     4     3 
    3     6     1     1     4     6     5     3     1     6     4     4     4     4     0     3 
    2     4     5     2     4     5     2     5     7     1     3     2     4     2     2     3 
    2     1     4     3     3     3     4     5     2     3     6     3     2     7     6     2 
    1     1     2     2     5     3     2     0     2     1     1     0     2     1     0     0 
    2     0     1     0     0     0     0     4     0     0     0     0     1     1     0     0 
    1     0     0     1     1     0     0     0     1     0     0     0     0     1     0     0 
    0     0     0     0     0     0     0     1     0     0     0     0     1     0     0     0 
    0     0     0     0     0     0     0     1     0     0     0     0     0     0     0     1 
    0     0     0     0     0     0     0     0     0     0     0     0     0     0     0     0 
    0     0     0     0     0     0     0     0     0     0     0     0     0     0     0     0 
    0     0     0     0     0     0     0     0     0     0     0     0     0     0     0     0 
    0     0     0     0     0     0     0     0     0     0     0     0     0     0     0     0 
    0     0     0     0     0     0     0     0     0     0     0     0     0     0     0     0 
    0     0     1     0     0     0     0     0     0     0     0     1     0     0     0     0 
    0     0     0     0     0     0     0     0     0     0     0     0     0     1     0     0 
    0     0     0     0     0     0     0     0     0     0     0     0     0     0     0     0 
    0     0     0     0     0     0     0     0     0     0     0     0     0     0     0     0 
    0     0     0     0     0     0     0     0     0     0     0     0     0     0     0     0 
    0     0     0     0     0     0     0     0     0     0     0     0     0     0     0     0 
    0     0     0     0     0     0     0     0     0     0     0     0     0     0     0     0 
    0     0     0     0     0     0     0     0     0     0     0     0     0     0     0     0 
    0     0     0     0     0     0     0     0     0     0     0     0     0     0     0     0 
    0     0     0     0     0     0     0     0     0     0     0     0     0     0     0     0 
    0     0     0     0     0     0     0     0     0     0     0     0     0     0     0     0 
    0     0     0     0     0     0     0     0     0     0     0     0     0     0     0     0 
    0     0     0     0     0     0     0     0     0     0     0     0     0     0     0     0 
    0     0     0     0     0     0     0     0     0     0     0     0     0     0     0     0 
    0     0     0     0     0     0     0     0     0     0     0     0     0     0     0     0 
    0     0     0     0     0     0     0     0     0     0     0     0     0     0     0     0 
    0     0     0     0     0     0     0     0     0     0     0     0     0     0     0     0 
>> 01/17/2025 15:21:39
Sample: BGO
Run-Type: 2
Gate: 500 (ns)
Pedestal: 44
Source-Energy: 1.000000 (MeV)
Channel-PE: 1.000000
Run-Time: 120 (Sec)
HV: 1689
Motor-Position: 5 0
Neslab-temp: -1234.0
SR630-temp: -1000.0  -1000.0  -1000.0
T1: T1 0.000000
T2: T2 0.000000
T3: T3 0.000000
T4: T4 0.000000
T5: T5 0.000000
Data:
    0     0     0     0     0     0     0     0     0     0     0     0     0     0     0     0 
    0     0     0     0     0     0     0     0     0     0     0     0     0     0     0     0 
    0     0     0     0     0     0     0     0     0     0     0     0     0     0     0     0 
    0     0     0     0     0     0     0     0     0     0     0     0     0     0     0     0 
    0     0     0     0     0     0     0     0     0     0     0     0     0     0     0     0 
    0     0     0     0     0     0     0     0     0     0     0     0     0     0     0     0 
    0     0     0     0     0     0     0     0     0     0     0     0     0     0     0     0 
    0     0     0     0     0     0     0     0     0     0     0     0     0     0     0 50322 
  434   191   145   110   102    95    85    66    76    59    52    57    81    49    76    65 
   50    48    48    46    46    51    42    57    32    40    35    49    27    50    35    40 
   35    38    40    33    41    43    42    33    44    32    41    37    22    36    39    30 
   38    43    37    36    47    29    31    25    28    32    29    33    34    28    26    34 
   37    35    44    36    39    27    29    27    38    36    40    27    38    26    31    37 
   29    35    25    33    26    33    34    32    39    25    32    36    35    35    27    22 
   33    34    25    25    41    35    34    37    28    29    20    29    25    32    23    24 
   26    28    21    28    33    20    15    15    23    21    25    18    24    40    26    30 
   23    22    21    23    30    24    22    23    19    24    27    13    26    25    24    25 
   19    28    21    27    31    19    21    21    29    22    25    28    17    21    20    24 
   32    21    28    21    25    31    16    17    31    27    19    24    28    23    16    19 
   20    25    22    20    19    19    23    17    23    16    17    17    20    25    18    20 
   12    15    20    16    18    14    25    20    22    16    15    24    21    21    20    27 
   25    24    19    18    31    29    27    35    33    34    32    47    39    45    46    63 
   63    58    62    69    73    94    93    96    99   128   129   138   135   161   143   194 
  172   182   190   228   209   238   236   273   278   289   301   326   324   329   356   381 
  354   405   382   374   416   386   414   424   418   405   396   429   433   394   434   367 
  401   411   406   394   385   378   364   354   341   310   298   281   319   304   302   231 
  249   241   226   256   182   184   195   143   157   150   169   129   141   128    91    95 
   90    71    76    82    56    48    69    47    37    33    41    44    35    23    30    29 
   22    18    20    20    14    16    19    21     5    10     5    12     9    14     7     6 
   10     7     9     6     8     9     9     7     7     4    10     6    12     3     7     8 
    6     3     5     7     5     4     7     4    10     5     8     6     9     9     5     8 
    6     8     5     7     7     6     7     9     3     3     4     4     4     9     5     7 
    3     6     2     1     4     3     9     4     4    10     3     5     7     0     5     2 
    8     5     7     8     3     3     4     3     5     3     5     4     3     6     7     3 
    2     6     7     7     7     3     3     5     4     2     2     9     1     4     3     3 
    8     3     4    10     5     2     2     4     3     2     4     5     2     2     2     3 
    3     3     3     3     3     2     4     2     1     5     1     3     2     2     1     1 
    6     2     5     1     1     2     4     3     1     2     1     2     3     2     2     4 
    7     2     4     2     2     1     0     4     2     1     1     2     2     0     4     3 
    4     1     1     1     1     3     4     3     4     3     3     2     2     3     1     2 
    2     3     5     1     2     2     3     3     2     1     4     4     1     2     1     5 
    4     1     0     0     3     2     2     2     2     0     3     0     2     2     2     0 
    6     6     2     1     2     2     3     0     2     2     1     3     1     2     3     4 
    2     3     7     3     2     1     5     5     3     2     2     3     0     3     4     4 
    1     2     5     4     2     3     7     4     1     2     2     4     1     0     1     3 
    0     5     2     3     1     1     1     3     0     2     1     5     2     3     3     3 
    3     1     3     0     5     3     3     0     2     3     2     0     2     2     3     3 
    1     3     1     1     3     3     1     2     2     2     2     0     1     3     1     2 
    1     2     3     3     0     1     2     2     3     8     4     3     4     7     5     3 
    3     4     4     2     4     3     6     3     3     4     3     2     2     5     3     1 
    6     5     3     5     5     2     6     4     2     8     4     7     9     5     2     5 
    3     5     3     4     8     4     6     4     5     6     3     5     5     7     4     3 
    4     5     7     5     3     4     6     5     2     6     4     6     6     9     6     3 
    3     4     2     1     6     5     2     3     3     4     2     4     1     3     5     3 
    1     5     2     3     4     2     2     2     3     7     2     1     4     1     3     5 
    2     4     5     2     4     1     2     1     1     0     0     2     4     0     2     0 
    1     3     1     3     3     5     0     1     1     0     3     0     0     3     0     0 
    3     0     4     3     3     1     1     1     3     2     1     5     1     3     1     2 
    0     2     1     1     2     0     2     1     1     0     1     0     0     2     1     1 
    0     1     1     0     0     0     2     1     2     1     0     0     1     1     3     0 
    1     2     3     0     1     1     2     2     2     1     0     3     1     1     1     1 
    1     1     2     1     1     1     0     0     3     0     2     0     0     1     1     2 
    1     0     1     0     0     0     1     1     2     2     0     2     0     0     3     2 
    0     0     0     3     3     0     2     1     0     0     1     1     2     3     1   571 
>> 01/17/2025 15:24:39
Sample: BGO
Run-Type: 2
Gate: 1000 (ns)
Pedestal: 44
Source-Energy: 1.000000 (MeV)
Channel-PE: 1.000000
Run-Time: 121 (Sec)
HV: 1689
Motor-Position: 5 0
Neslab-temp: -1234.0
SR630-temp: -1000.0  -1000.0  -1000.0
T1: T1 0.000000
T2: T2 0.000000
T3: T3 0.000000
T4: T4 0.000000
T5: T5 0.000000
Data:
    0     0     0     0     0     0     0     0     0     0     0     0     0     0     0     0 
    0     0     0     0     0     0     0     0     0     0     0     0     0     0     0     0 
    0     0     0     0     0     0     0     0     0     0     0     0     0     0     0     0 
    0     0     0     0     0     0     0     0     0     0     0     0     0     0     0     0 
    0     0     0     0     0     0     0     0     0     0     0     0     0     0     0     0 
    0     0     0     0     0     0     0     0     0     0     0     0     0     0     0     0 
    0     0     0     0     0     0     0     0     0     0     0     0     0     0     0     0 
    0     0     0     0     0     0     0     0     0     0     0     0     0     0     0     0 
    0     0     0     0     0     0     0     0     0     0     0     0     0     0     0     0 
    0     0     0     0     0     0     0     0     0     0     0     0     0     0     0     0 
    0     0     0     0     0     0     0     0     0     0     0     0     0     0     0     0 
    0     0     0     0     0     0     0     0     0     0     0     0     0     0     0     0 
    0     0     0     0     0     0     0     0     0     0     0     0     0     0     0 49922 
  864   228   107   111    80    74    65    41    48    54    57    45    53    44    42    37 
   53    43    44    40    44    35    34    37    41    44    33    37    32    38    27    41 
   42    31    38    25    35    26    36    34    21    24    37    27    31    35    31    31 
   32    26    35    25    28    36    36    20    20    30    34    18    19    28    23    32 
   29    21    25    25    35    28    21    30    22    30    17    22    27    28    35    21 
   24    26    31    25    27    19    31    29    28    27    30    27    28    22    28    27 
   23    28    29    24    25    37    21    18    30    13    23    20    22    24    22    22 
   26    22    20    28    32    17    16    26    18    23    26    16    28    33    27    25 
   25    28    20    24    13    20    19    22    22    20    17    18    26    17    37    22 
   19    20    17    28    20    19    16    25    19    14    19    31    18    17    19    20 
   22    11    21    13    16    20    17    15    16    18    11    19    19    19    25    17 
   19    18    14    14    21    21    19    13    20    15    19    14    17    20    22    15 
   17    14    16    18    17    16    17    18    22    17    18    15    20    17    12    11 
   13    18    20    24    15    12    18    19    18    16    23    12    20    15    22    21 
    9    24    20    15    22    13    12    17    12    18    14    14    18    12    16    18 
   10    17    23    19    20    11    13    15     9    18    13    16    16    10    18    10 
   14     5    15    16     9    17     6     6    14    16    14    23    10    13    16    12 
   16    11    18    17    18    26    18    20    11    16    18    19    26    19    18    19 
   22    27    19    27    27    21    29    29    29    30    33    26    39    34    40    45 
   40    36    53    47    51    80    64    77    84    83    92    79    85    94   127   104 
  118   120   128   145   146   158   166   167   177   204   177   211   217   225   227   223 
  263   256   221   287   259   287   277   309   323   322   280   306   342   326   341   306 
  334   354   321   328   318   330   340   337   321   326   350   297   295   311   299   297 
  292   312   313   289   293   252   253   249   262   287   278   222   227   236   220   201 
  198   182   182   170   152   162   168   150   132   137   135   123   107    98   101   101 
  105    86    93    74    93    68    67    54    56    52    37    47    44    57    29    37 
   41    32    30    26    26    13    26    22    22    32    24    12    26    21     6    12 
   14    16     8    15    10    13     9     9    11     9     5    12     9    12    11     8 
    6     8     6     9     7     7     5     1     7     4     4     6     9     6    10     7 
    7    10     9     5     5     5     4     6     4     4     7    10     3     8     6     5 
    7     6     5     6     2     5     4     3     3     5     3     3     7     5     4     2 
    4     0     8     6     7     5     4     5     5     4     4     3     8     4     7     6 
    7     3     4     8     7     3     3     7     5     2     4     6     9     2     6     0 
    2     6     2     3     2     4     5     1     4     4     1     4     5     4     6     3 
    5     4     4     2     7     3     3     1     4     1     5     2     2     0     4     2 
    3     4     4     2     5     2     6     5     2     2     6     8     2     4     5     3 
    2     6     1     4     6     3     2     1     0     1     3     0     4     1     2     4 
    5     1     0     0     4     5     4     7     3     2     3     1     2     4     4     5 
    4     3     0     1     3     6     0     0     2     3     2     1     1     2     3     2 
    2     0     2     2     4     0     0     8     4     2     1     2     1     7     4     4 
    3     3     6     1     1     1     1     5     1     4     3     0     1     0     1     1 
    6     1     1     0     4     2     2     1     4     0     3     3     1     2     1     2 
    2     1     1     4     1     1     3     3     0     3     2     4     1     3     1     2 
    2     2     3     1     3     2     3     3     2     3     3     3     0     3     0     3 
    2     0     1     4     0     3     4     4     3     1     2     0     4     2     2     1 
    4     1     1     1     2     3     0     3     3     2     1     4     2     4     2     0 
    2     3     3     1     3     0     0     0     4     3     2     2     5     4     2     1 
    1     1     2     2     0     6     1     2     2     2     1     1     1     6     0     3 
    5     2     0     7     3     2     2     2     1     1     3     2     1     1     3     3 
    4     1     0     1     2     1     0     1     1     1     1     0     5     2     1     0 
    2     1     1     0     0     2     1     2     1     2     2     1     0     1     4  1222 
>> 01/17/2025 15:26:58
Sample: BGO
Run-Type: 2
Gate: 800 (ns)
Pedestal: 44
Source-Energy: 1.000000 (MeV)
Channel-PE: 1.000000
Run-Time: 120 (Sec)
HV: 1689
Motor-Position: 5 0
Neslab-temp: -1234.0
SR630-temp: -1000.0  -1000.0  -1000.0
T1: T1 0.000000
T2: T2 0.000000
T3: T3 0.000000
T4: T4 0.000000
T5: T5 0.000000
Data:
    0     0     0     0     0     0     0     0     0     0     0     0     0     0     0     0 
    0     0     0     0     0     0     0     0     0     0     0     0     0     0     0     0 
    0     0     0     0     0     0     0     0     0     0     0     0     0     0     0     0 
    0     0     0     0     0     0     0     0     0     0     0     0     0     0     0     0 
    0     0     0     0     0     0     0     0     0     0     0     0     0     0     0     0 
    0     0     0     0     0     0     0     0     0     0     0     0     0     0     0     0 
    0     0     0     0     0     0     0     0     0     0     0     0     0     0     0     0 
    0     0     0     0     0     0     0     0     0     0     0     0     0     0     0     0 
    0     0     0     0     0     0     0     0     0     0     0     0     0     0     0     0 
    0     0     0     0     0     0     0     0     0     0     0     0     0     0     0     0 
    0     0     0     0     0     0     0     0     0     0     0     0     0     0     0     0 
    0 50453   413   152   104    92    81    75    62    64    66    54    47    47    47    36 
   56    41    52    46    44    42    52    39    45    36    37    33    37    33    35    29 
   37    38    27    42    32    28    37    31    30    31    31    36    29    40    34    33 
   27    31    39    32    33    36    35    29    22    34    30    42    32    25    30    18 
   38    35    21    18    21    27    32    23    25    27    39    30    22    23    28    28 
   36    25    33    34    21    25    29    25    27    21    25    22    21    30    32    30 
   23    33    18    35    30    30    22    26    18    28    20    23    26    16    33    29 
   21    29    27    27    21    29    23    17    35    29    24    19    19    24    29    19 
   19    20    22    29    33    20    20    27    35    16    20    26    20    19    29    24 
   15    20    16    19    19    15    19    33    22    23    10    21    12    22    22    18 
   14    15    13    25    22    28    20    18    21    19    25    18    16    16    21    20 
   16    13    17    20    20    21    13    20    20    21    18    29    24    18    23    22 
   18    33    15    15     8    18     7    20    19    18    20    16    18    23    17    21 
   27    12    22    23    18    14    25    22    23    18    15    21    19    15    21    16 
   13    19    12    18    16    21    17    18    19    19    19    19    18    20    11    20 
   15    10    12    10    19     9    16    12    16    22    19     7    21    19    17    13 
   20    19    12    20    19    18    15    19    16    17    21    19    18    20    27    28 
   30    22    31    25    16    23    34    28    32    37    38    37    40    47    64    74 
   89    57    69    81    75   103    92   103   100    96   122   128   132   113   140   156 
  147   148   161   191   214   211   186   203   237   211   221   225   295   275   274   303 
  309   288   287   296   342   333   372   339   362   351   353   324   324   335   368   355 
  370   358   329   324   332   363   350   312   353   323   303   337   310   313   284   258 
  265   269   257   241   225   229   196   244   211   193   189   193   154   162   165   146 
  134   133   135   118   131   101   119    98    93    83    83    75    65    65    60    68 
   53    58    60    44    40    38    27    38    36    30    26    31    33    25    20    15 
   20    22    10    19    16    22    12    13    15    14    14     9    10     9     7     7 
    9    10     9     6     6     6     9     5     5     4     9     8     6     4     6     7 
    6     4     7     5     2     5    12     3     5     7     4     9     3    11     8     9 
    6     5     2     7     3     7     3     9     4     5     4     8     4     7     4     2 
    4     4     3     6     2     2     3     5     3     4     7     7     7     4     5     3 
    4     2     6     1     6     3     5     3     3     7     3     5     4     8     0     1 
    3     5     4     2     3     5     1     5     1     5     3     1     5     2     6     6 
    4     9     1     1     2     2     3     5     3     3     3     2     6     2     4     2 
    1     6     4     1     5     1     3     3     3     4     1     4     2     6     1     3 
    3     2     3     2     4     3     3     2     4     3     3     0     2     4     4     2 
    3     3     4     0     3     3     3     0     4     0     4     6     2     1     3     2 
    1     2     1     2     3     3     3     1     3     0     0     4     4     3     4     2 
    3     6     3     3     3     4     2     3     2     1     2     4     4     2     2     3 
    2     3     2     1     2     2     2     2     4     2     1     5     1     2     4     2 
    1     4     4     2     1     1     4     4     1     1     2     2     1     2     6     4 
    2     2     2     3     3     2     2     1     3     2     2     1     2     3     2     3 
    2     3     0     0     1     2     2     2     2     3     0     3     0     3     0     8 
    3     3     1     4     0     4     2     1     5     3     3     1     3     3     3     1 
    2     4     5     0     2     0     1     2     0     3     1     2     5     0     2     3 
    2     1     1     2     2     2     1     3     1     1     2     2     3     0     3     3 
    1     1     2     3     1     1     4     2     1     3     2     0     2     1     2     2 
    3     0     2     5     1     2     1     2     2     1     3     2     1     4     1     0 
    2     1     0     2     2     3     1     1     2     0     2     0     0     4     3     3 
    0     0     3     0     1     5     2     0     1     1     3     2     4     3     3     3 
    3     0     1     1     0     0     3     1     3     2     1     3     0     2     2     5 
    3     1     4     4     7     1     7     3     2     4     4     4     2     1     4     3 
    6     6     3     1     4     2     1     5     5     2     2     1     2     5     5     2 
    4     1     3     3     5     7     2     2     5     3     3     1     6     5     5  1051 
>> 01/17/2025 15:29:17
Sample: BGO
Run-Type: 2
Gate: 1500 (ns)
Pedestal: 44
Source-Energy: 1.000000 (MeV)
Channel-PE: 1.000000
Run-Time: 120 (Sec)
HV: 1689
Motor-Position: 5 0
Neslab-temp: -1234.0
SR630-temp: -1000.0  -1000.0  -1000.0
T1: T1 0.000000
T2: T2 0.000000
T3: T3 0.000000
T4: T4 0.000000
T5: T5 0.000000
Data:
    0     0     0     0     0     0     0     0     0     0     0     0     0     0     0     0 
    0     0     0     0     0     0     0     0     0     0     0     0     0     0     0     0 
    0     0     0     0     0     0     0     0     0     0     0     0     0     0     0     0 
    0     0     0     0     0     0     0     0     0     0     0     0     0     0     0     0 
    0     0     0     0     0     0     0     0     0     0     0     0     0     0     0     0 
    0     0     0     0     0     0     0     0     0     0     0     0     0     0     0     0 
    0     0     0     0     0     0     0     0     0     0     0     0     0     0     0     0 
    0     0     0     0     0     0     0     0     0     0     0     0     0     0     0     0 
    0     0     0     0     0     0     0     0     0     0     0     0     0     0     0     0 
    0     0     0     0     0     0     0     0     0     0     0     0     0     0     0     0 
    0     0     0     0     0     0     0     0     0     0     0     0     0     0     0     0 
    0     0     0     0     0     0     0     0     0     0     0     0     0     0     0     0 
    0     0     0     0     0     0     0     0     0     0     0     0     0     0     0     0 
    0     0     0     0     0     0     0     0     0     0     0     0     0     0     0     0 
    0     0     0     0     0     0     0     0     0     0     0     0     0     0     0     0 
    0     0     0     0     0     0     0     0     0     0     0     0     0     0     0     0 
    0     0     0     0     0     0     0     0     0     0     0     0     0     0     0     0 
    0     0     0     0     0     0     0     0     0     0     0     3 49896   484   197   117 
  101    80    63    83    55    71    59    46    46    47    48    31    42    32    36    39 
   38    35    33    48    29    32    29    38    27    31    37    26    42    28    26    27 
   37    27    26    32    35    31    31    30    25    23    29    29    28    37    28    21 
   31    28    23    31    23    34    19    30    31    24    29    22    23    28    27    26 
   28    22    21    25    23    30    30    31    34    19    26    21    40    29    22    20 
   19    29    24    20    24    15    17    26    24    20    27    28    20    33    21    23 
   21    17    20    24    23    13    24    34    23    16    27    20     8    23    27    20 
   25    33    18    30    25    17    12    18    24    23    18    27    15    15    18    23 
   26    28    18    19    29    17    13    20    23    30    25    27    15    22    13    23 
   19    24    27    17    17    23    16    20    22    16    19    18    28    18    11    18 
   18    21    22    14    24    21    22    24    11    26    17    17    16    16    19    14 
   12    22    18    13    22    19    19     8    15    10    14    12    15     9    16    14 
   15    20    10    10    14    14    21    15    24    26    23    23    14    27    14    16 
   16    24    18    19    10    20    17    17    15    18    17    17    20    11    26    12 
   19    23    18    18    19    17    22    19    17    15    18    22    13    20    16    15 
   18    21    19    20    20    14    13    20    17    16    19    18    13    17    20    18 
   14     9    16    19    18    14    14    19    20     9    12    15     7    12    15    13 
   13    17    11    21     8    12    13    15     8    12    14    18    10     8     8    18 
    8    11    14     9    16    16     9    14    19    13    11    11    11    14    17    21 
   13    16    16    25    18    16    22    21    30    18    31    31    16    28    28    30 
   32    33    36    30    35    42    44    43    47    51    51    52    59    60    69    73 
   71    70    85    81    99   101   121   112   119   110   114   130   136   142   166   168 
  181   174   179   189   197   202   228   204   217   246   247   251   236   259   262   270 
  283   277   294   303   315   278   286   286   326   301   307   306   296   327   292   319 
  306   282   317   318   337   283   299   265   285   288   300   286   278   260   282   248 
  277   235   236   238   252   212   222   202   203   187   209   178   183   155   178   173 
  143   152   114   133   110   150   121   119   104   101   112   101    69    94    93    81 
   62    67    50    88    51    54    44    55    49    43    42    48    39    31    31    29 
   35    28    21    20    23    21    18    29    18    13    13    19    20    13    16     9 
   11    11     6    19    10     9     6     8    11     9    13     2     4     4     7     9 
    3     8     8    12     6     7    10    10    10     4     8     5     4     5     6     7 
    3     6     5     9     5     5     4     7     5     4     4     7     9     4     3     2 
    5     6    10     3     6     5     1     5     7     7     4     7     3     7     7     4 
    5     2     1     3     4     3     5     9     8     6     1     7     7     3     1     6 
    7     7     6     7     4     5     3     3     6     5     7     5     1     6     1     3 
    4     4     2     4     7     5     6     2     5     5     4     1     5     3     2     1 
    2     5     3     2     1     4     2     4     8     2     4     1     5     1     4     2 
    6     2     2     1     2     1     2     3     3     4     0     2     3     1     7     2 
    3     3     0     3     0     4     1     2     3     4     2     2     0     3     0     2 
    1     4     1     3     1     2     2     2     1     4     3     4     2     1     1     2 
    1     3     5     1     2     2     4     2     1     4     0     2     0     4     3     2 
    1     3     3     5     0     2     1     3     3     4     2     0     4     3     4     4 
    6     2     1     5     3     5     4     1     4     1     2     3     4     0     4     2 
    1     2     1     2     5     3     6     1     2     3     2     1     2     3     2     3 
    3     0     2     0     2     3     2     2     3     1     2     2     0     6     0     3 
    1     4     2     3     1     4     4     2     3     4     1     0     2     1     2  1612 
>> 01/17/2025 15:32:47
Sample: BGO
Run-Type: 2
Gate: 2000 (ns)
Pedestal: 44
Source-Energy: 1.000000 (MeV)
Channel-PE: 1.000000
Run-Time: 180 (Sec)
HV: 1689
Motor-Position: 5 0
Neslab-temp: -1234.0
SR630-temp: -1000.0  -1000.0  -1000.0
T1: T1 0.000000
T2: T2 0.000000
T3: T3 0.000000
T4: T4 0.000000
T5: T5 0.000000
Data:
    0     0     0     0     0     0     0     0     0     0     0     0     0     0     0     0 
    0     0     0     0     0     0     0     0     0     0     0     0     0     0     0     0 
    0     0     0     0     0     0     0     0     0     0     0     0     0     0     0     0 
    0     0     0     0     0     0     0     0     0     0     0     0     0     0     0     0 
    0     0     0     0     0     0     0     0     0     0     0     0     0     0     0     0 
    0     0     0     0     0     0     0     0     0     0     0     0     0     0     0     0 
    0     0     0     0     0     0     0     0     0     0     0     0     0     0     0     0 
    0     0     0     0     0     0     0     0     0     0     0     0     0     0     0     0 
    0     0     0     0     0     0     0     0     0     0     0     0     0     0     0     0 
    0     0     0     0     0     0     0     0     0     0     0     0     0     0     0     0 
    0     0     0     0     0     0     0     0     0     0     0     0     0     0     0     0 
    0     0     0     0     0     0     0     0     0     0     0     0     0     0     0     0 
    0     0     0     0     0     0     0     0     0     0     0     0     0     0     0     0 
    0     0     0     0     0     0     0     0     0     0     0     0     0     0     0     0 
    0     0     0     0     0     0     0     0     0     0     0     0     0     0     0     0 
    0     0     0     0     0     0     0     0     0     0     0     0     0     0     0     0 
    0     0     0     0     0     0     0     0     0     0     0     0     0     0     0     0 
    0     0     0     0     0     0     0     0     0     0     0     0     0     0     0     0 
    0     0     0     0     0     0     0     0     0     0     0     0     0     0     0     0 
    0     0     0     0     0     0     0     0     0     0     0     0     0     0     0     0 
    0     0     0     0     0     0     0     0     0     0     0     0     0     0     0     0 
    0     0     0     0     0     0     0     0     0     0     0     0     0     0     0     0 
    0     0     0     0     0    74  8934   849   320   187   153   108    94    78    95    77 
   63    64    60    70    67    66    56    52    58    66    58    48    52    59    59    51 
   56    52    45    58    52    57    46    41    38    50    52    39    44    46    48    40 
   36    37    45    46    36    37    50    35    44    50    47    41    41    43    43    46 
   44    34    35    34    39    36    43    50    49    45    42    33    43    32    38    40 
   37    41    45    32    45    44    33    39    38    30    43    28    33    27    31    32 
   32    36    30    31    27    25    29    30    36    34    31    36    22    39    35    25 
   38    31    30    36    30    41    45    27    29    25    30    38    34    32    28    40 
   31    30    33    34    35    19    32    39    23    39    30    35    24    31    44    24 
   36    30    32    31    35    30    33    31    35    23    24    20    26    26    29    33 
   31    33    27    38    35    27    31    22    27    33    25    25    30    29    30    31 
   29    25    26    30    34    31    34    31    27    25    23    32    26    37    27    24 
   17    30    19    21    21    22    26    20    32    24    25    22    21    23    26    25 
   19    21    27    30    20    27    32    29    32    23    32    22    30    29    33    32 
   32    19    21    32    22    27    20    30    20    22    19    23    15    23    32    27 
   28    24    24    21    29    34    25    31    24    31    24    25    30    29    30    31 
   28    23    22    30    21    35    18    25    26    19    22    30    23    28    34    26 
   20    11    15    18    21    13    22    22    22    18    19    16    30    26    15    19 
   22    20    16    26    21    13    15    21    25    21    16    21    21    19    23    14 
   26    21    21    29    18    17    18    26    39    20    17    18    19    20    26    20 
   27    28    25    32    27    27    28    24    35    39    32    34    40    44    30    47 
   46    34    54    49    48    55    56    55    44    70    66    70    95    85    88   103 
  102   112   135   111   126   130   159   167   156   186   177   163   200   191   241   178 
  244   229   239   284   263   268   288   292   308   327   322   319   378   329   385   381 
  392   413   393   408   445   422   416   408   432   479   464   448   446   409   450   402 
  467   462   477   442   439   439   466   413   433   470   453   459   417   423   385   436 
  412   405   373   335   375   320   353   360   355   307   323   275   286   275   297   265 
  279   207   233   214   237   185   195   184   175   174   172   166   162   165   136   134 
  134   109   139   104   110    91    89    85    99    73    68    69    87    80    70    62 
   62    59    49    47    39    48    34    31    34    30    36    38    30    34    30    24 
   21    19    18    21    18    23    19    22    12    16    21     7    20     3    16    22 
    8     8     7    10    12    15    11     8    11    12     6    11    12    11    10    14 
    8     9     6     7    11     8    15     7     4     7     8    12     6     4    12     6 
    8     7    10     2     8     6     4    12     7     7     9    10     8     3     5    12 
    6     5     5    11     9     5     4     6     5     5     9     8     2     4    12     2 
   14     9     7     8     8     8     4     8     7     5     8     8     4     4     5     3 
    3     7     2     5     9     7     7     3     6     6     6     4     5     6     7     5 
    5     7     7     7     5     7     6     7     4     4     5     5     7     2     7     1 
    4     6     2     4     6     7     7     2     9     7     3     3     5     5     5     7 
    7     4     8     1     6     0     3     2     5     3     6     2     3     3     3     2 
    2     6     6     4     2     4     2     1     3     5     4     5     7     5     5     2 
    3     5     4     7     3     2     3     4     2     5     5     2     1     7     4  2734 
>> 01/17/2025 15:36:07
Sample: BGO
Run-Type: 2
Gate: 2500 (ns)
Pedestal: 44
Source-Energy: 1.000000 (MeV)
Channel-PE: 1.000000
Run-Time: 180 (Sec)
HV: 1689
Motor-Position: 5 0
Neslab-temp: -1234.0
SR630-temp: -1000.0  -1000.0  -1000.0
T1: T1 0.000000
T2: T2 0.000000
T3: T3 0.000000
T4: T4 0.000000
T5: T5 0.000000
Data:
    0     0     0     0     0     0     0     0     0     0     0     0     0     0     0     0 
    0     0     0     0     0     0     0     0     0     0     0     0     0     0     0     0 
    0     0     0     0     0     0     0     0     0     0     0     0     0     0     0     0 
    0     0     0     0     0     0     0     0     0     0     0     0     0     0     0     0 
    0     0     0     0     0     0     0     0     0     0     0     0     0     0     0     0 
    0     0     0     0     0     0     0     0     0     0     0     0     0     0     0     0 
    0     0     0     0     0     0     0     0     0     0     0     0     0     0     0     0 
    0     0     0     0     0     0     0     0     0     0     0     0     0     0     0     0 
    0     0     0     0     0     0     0     0     0     0     0     0     0     0     0     0 
    0     0     0     0     0     0     0     0     0     0     0     0     0     0     0     0 
    0     0     0     0     0     0     0     0     0     0     0     0     0     0     0     0 
    0     0     0     0     0     0     0     0     0     0     0     0     0     0     0     0 
    0     0     0     0     0     0     0     0     0     0     0     0     0     0     0     0 
    0     0     0     0     0     0     0     0     0     0     0     0     0     0     0     0 
    0     0     0     0     0     0     0     0     0     0     0     0     0     0     0     0 
    0     0     0     0     0     0     0     0     0     0     0     0     0     0     0     0 
    0     0     0     0     0     0     0     0     0     0     0     0     0     0     0     0 
    0     0     0     0     0     0     0     0     0     0     0     0     0     0     0     0 
    0     0     0     0     0     0     0     0     0     0     0     0     0     0     0     0 
    0     0     0     0     0     0     0     0     0     0     0     0     0     0     0     0 
    0     0     0     0     0     0     0     0     0     0     0     0     0     0     0     0 
    0     0     0     0     0     0     0     0     0     0     0     0     0     0     0     0 
    0     0     0     0     0     0     0     0     0     0     0     0     0     0     0     0 
    0     0     0     0     0     0     0     0     0     0     0     0     0     0     0     0 
    0     0     0     0     0     0     0     0     0     0     0     0     0     0     0     0 
    0     0     0     0     0     0     0     0     0     0     0     0     0     0     0     0 
    0     0     0     0     0     0     0     0     0     0     0     0     0     0     0 17843 
56664   777   267   179   132   119    76    89    85    75    66    81    62    71    67    57 
   68    56    56    52    57    65    61    40    40    41    58    55    39    46    43    40 
   52    54    48    35    44    46    56    47    41    39    43    45    38    49    47    47 
   41    37    31    39    48    28    43    50    32    38    41    35    27    33    22    40 
   27    27    52    41    31    43    46    25    47    33    33    33    30    31    30    39 
   42    42    46    39    34    36    30    29    30    37    39    39    46    38    25    44 
   44    34    39    37    28    28    23    31    38    39    33    27    34    36    33    50 
   31    29    31    35    39    27    31    25    29    26    28    21    37    39    38    34 
   29    30    30    42    36    34    32    47    37    31    28    43    27    25    24    35 
   24    34    24    29    32    39    34    26    23    32    31    35    31    32    37    39 
   27    31    35    29    29    19    20    24    24    32    27    26    33    27    28    28 
   31    28    31    32    24    28    17    21    24    15    21    19    29    21    30    23 
   30    29    29    25    24    20    16    21    30    24    26    22    21    21    27    18 
   29    22    24    20    18    20    21    23    21    27    25    24    19    23    27    19 
   20    20    31    15    22    30    27    26    25    30    22    20    24    29    16    22 
   27    15    22    31    29    39    31    26    28    23    20    19    26    29    24    21 
   19    20    21    17    30    29    17    24    27    23    30    22    27    10    25    15 
   27    21    16    22    26     7    17    21    31    26    19    20    17    17    22     9 
   17    18    14    17    18    18    19    13    20    19    17    25    25    20    26    19 
   16    19    28    21    21    18    23    23    25    27    27    21    35    21    18    30 
   36    29    33    30    35    30    37    35    27    46    39    44    38    59    51    56 
   70    77    55    73    75    73    82    86    76    86    91    99   125    94   119   109 
  134   133   159   156   187   180   185   203   177   185   236   227   217   244   256   275 
  286   306   300   315   301   319   341   315   357   333   367   351   428   410   395   377 
  418   417   427   430   418   486   426   434   450   452   486   484   462   437   461   453 
  451   456   478   441   394   453   441   420   412   387   407   404   407   391   385   363 
  393   336   344   331   322   323   300   288   263   287   280   256   265   256   231   236 
  224   195   206   196   198   166   187   192   181   157   145   147   157   118   120   122 
   89   107   106    83    88    80    65    59    62    48    74    55    64    50    58    42 
   40    65    46    44    36    36    26    26    27    34    31    27    26    25    32    27 
   20    13    19    19    19    22    11    15    18    13    16    14    14    15    13    12 
   15     8     9    10    12    13    11    12     5     9     9     5    11     9     7     6 
    8    15    12    11    10    12     7     7    13     6    11     9     7    12     5    10 
    5     6    14     7     7    10     8    10     4     9     7    11     4     5     5     9 
    8    10    10     6     8     6     5     9     7     7     4     5     3     5     4     3 
    5     9     6     4     8     3     3     6     9     7     7     5     6     8     5     7 
    8     6    14     6     6    15     6     2     5     3    11     7     5     8     4  3325 
>> 01/17/2025 15:39:35
Sample: BGO
Run-Type: 2
Gate: 3000 (ns)
Pedestal: 44
Source-Energy: 1.000000 (MeV)
Channel-PE: 1.000000
Run-Time: 179 (Sec)
HV: 1689
Motor-Position: 5 0
Neslab-temp: -1234.0
SR630-temp: -1000.0  -1000.0  -1000.0
T1: T1 0.000000
T2: T2 0.000000
T3: T3 0.000000
T4: T4 0.000000
T5: T5 0.000000
Data:
    0     0     0     0     0     0     0     0     0     0     0     0     0     0     0     0 
    0     0     0     0     0     0     0     0     0     0     0     0     0     0     0     0 
    0     0     0     0     0     0     0     0     0     0     0     0     0     0     0     0 
    0     0     0     0     0     0     0     0     0     0     0     0     0     0     0     0 
    0     0     0     0     0     0     0     0     0     0     0     0     0     0     0     0 
    0     0     0     0     0     0     0     0     0     0     0     0     0     0     0     0 
    0     0     0     0     0     0     0     0     0     0     0     0     0     0     0     0 
    0     0     0     0     0     0     0     0     0     0     0     0     0     0     0     0 
    0     0     0     0     0     0     0     0     0     0     0     0     0     0     0     0 
    0     0     0     0     0     0     0     0     0     0     0     0     0     0     0     0 
    0     0     0     0     0     0     0     0     0     0     0     0     0     0     0     0 
    0     0     0     0     0     0     0     0     0     0     0     0     0     0     0     0 
    0     0     0     0     0     0     0     0     0     0     0     0     0     0     0     0 
    0     0     0     0     0     0     0     0     0     0     0     0     0     0     0     0 
    0     0     0     0     0     0     0     0     0     0     0     0     0     0     0     0 
    0     0     0     0     0     0     0     0     0     0     0     0     0     0     0     0 
    0     0     0     0     0     0     0     0     0     0     0     0     0     0     0     0 
    0     0     0     0     0     0     0     0     0     0     0     0     0     0     0     0 
    0     0     0     0     0     0     0     0     0     0     0     0     0     0     0     0 
    0     0     0     0     0     0     0     0     0     0     0     0     0     0     0     0 
    0     0     0     0     0     0     0     0     0     0     0     0     0     0     0     0 
    0     0     0     0     0     0     0     0     0     0     0     0     0     0     0     0 
    0     0     0     0     0     0     0     0     0     0     0     0     0     0     0     0 
    0     0     0     0     0     0     0     0     0     0     0     0     0     0     0     0 
    0     0     0     0     0     0     0     0     0     0     0     0     0     0     0     0 
    0     0     0     0     0     0     0     0     0     0     0     0     0     0     0     0 
    0     0     0     0     0     0     0     0     0     0     0     0     0     0     0     0 
    0     0     0     0     0     0     0     0     0     0     0     0     0     0     0     0 
    0     0     0     0     0     0     0     0     0     0     0     0     0     0     0     0 
    0     0     0     0     0     0     0     0     0     0     0     0     0     0     0     0 
    0     0     0     0     0     0     0     0     0     0     0     0     0     0     0     0 
    0     0     0     0     0     0     0     0    35  3834  5328   479   177   147   107   112 
  108    86    79    73    66    68    65    64    68    74    47    61    55    50    46    45 
   58    64    52    61    57    41    40    50    52    50    49    44    46    39    55    44 
   33    49    38    34    43    37    42    47    40    37    38    24    43    42    31    40 
   39    32    34    28    46    31    38    34    47    46    43    45    44    47    45    41 
   39    39    55    27    35    41    35    37    39    36    28    28    35    37    32    46 
   25    35    34    23    36    40    29    31    29    27    26    32    29    39    30    24 
   35    33    29    29    29    32    36    25    32    42    28    33    27    26    38    33 
   30    25    34    26    32    29    32    37    39    31    33    46    42    30    38    32 
   32    36    31    30    41    35    41    34    33    25    39    28    26    44    32    36 
   32    31    30    26    25    41    27    30    41    31    26    36    31    33    30    27 
   35    30    36    22    23    28    47    31    24    30    30    22    22    26    22    26 
   22    31    26    34    28    36    19    35    24    19    24    29    25    28    21    22 
   26    15    26    22    26    28    23    31    28    22    23    17    27    24    24    19 
   28    27    22    25    30    24    21    23    27    28    28    20    27    22    25    29 
   29    24    25    26    25    26    34    25    40    33    24    16    30    28    24    32 
   27    24    24    34    21    18    25    31    24    14    26    29    23    28    21    17 
   27    31    21    19    27    26    21    30    27    22    24    20    21    20    13    19 
   14    22    18    24    30    18    20    10    20    19    23    16    18    18    21    23 
   22    16    22    22    28    16    27    11    16    15    19    22    16    30    23    23 
   20    25    24    34    27    30    26    21    21    29    29    27    32    41    26    37 
   39    34    36    27    29    45    43    50    59    43    41    53    52    60    74    58 
   74    73    91    91    80    92   106   118   111   142   134   122   134   167   156   180 
  182   180   186   237   200   216   222   246   261   269   283   252   295   311   300   357 
  310   341   352   388   373   360   386   405   400   396   370   445   450   459   395   458 
  468   433   467   484   392   483   491   460   449   441   447   491   427   458   429   461 
  441   408   408   406   380   441   401   375   386   364   375   365   337   317   330   344 
  299   269   300   249   247   270   227   250   205   248   219   184   190   196   194   182 
  170   169   158   150   151   146   130   117    98   132   117    99    84    87    99    74 
   77    66    75    71    67    69    50    48    57    40    38    56    41    36    40    29 
   31    33    33    18    25    26    18    22    24    15    27    19    15    22    16    13 
   15    11    14    10    16    14    17    11    17    13     9    11    16    17    22     9 
    8    10    10    12    11     6     7     6    11     8     7    11     5     4     6  4201 
