>> 02/25/2025 17:00:01
Sample: BGO
Run-Type: 2
Gate: 2000 (ns)
Pedestal: 25
Source-Energy: 1.000000 (MeV)
Channel-PE: 1.000000
Run-Time: 179 (Sec)
HV: 1689
Motor-Position: 25 0
Neslab-temp: -1234.0
SR630-temp: -1000.0  -1000.0  -1000.0
T1: T1 0.000000
T2: T2 0.000000
T3: T3 0.000000
T4: T4 0.000000
T5: T5 0.000000
Data:
    0     0     0     0     0     0     0     0     0     0     0     0     0     0     0     0 
    0     0     0     0     0     0     0     0     0     0     0     0     0     0     0     0 
    0     0     0     0     0     0     0     0     0     0     0     0     0     0     0     0 
    0     0     0     0     0     0     0     0     0     0     0     0     0     0     0     0 
    0     0     0     0     0     0     0     0     0     0     0     0     0     0     0     0 
    0     0     0     0     0     0     0     0     0     0     0     0     0     0     0     0 
    0     0     0     0     0     0     0     0     0     0     0     0     0     0     0     0 
    0     0     0     0     0     0     0     0     0     0     0     0     0     0     0     0 
    0     0     0     0     0     0     0     0     0     0     0     0     0     0     0     0 
    0     0     0     0     0     0     0     0     0     0     0     0     0     0     0     0 
    0     0     0     0     0     0     0     0     0     0     0     0     0     0     0     0 
    0     0     0     0     0     0     0     0     0     0     0     0     0     0     0     0 
    0     0     0     0     0     0     0     0     0     0     0     0     0     0     0     0 
    0     0     0     0     0     0     0     0     0     0     0     0     0     0     0     0 
    0     0     0     0     0     0     0     0     0     0     0     0     0     0     0     0 
    0     0     0     0     0     0     0     0     0     0     0     0     0     0     0     0 
    0     0     0     0     0     0     0     0     0     0     0     0     0     0     0     0 
    0     0     0     0     0     0     0     0     0     0     0     0     0     0     0     0 
    0     0     0     0     0     0     0     0     0     0     0     0     0     0     0     0 
    0     0     0     0     0     0     0     0     0     0     0     0     0     0     0     0 
    0     0     0     0     0     0     0     0     0     0     0     0     0     0     0     0 
    0     0     0     0     0     0     0     0     0     0     0     0     0     0     0     0 
    0     0     0     0    39  7355   766   275   153   133    90   107   104    95    93    77 
   71    64    69    56    71    54    57    58    54    57    63    58    51    62    39    55 
   47    56    48    49    44    54    54    44    57    50    43    43    44    39    48    49 
   52    51    43    38    33    44    33    41    45    33    52    47    37    52    42    43 
   39    46    42    41    44    43    37    43    51    48    48    44    34    40    44    32 
   33    41    40    30    36    33    42    40    36    47    39    33    30    35    39    39 
   29    35    47    38    37    39    46    33    36    38    28    44    39    41    31    44 
   33    28    35    34    33    39    31    41    27    35    41    38    46    30    39    29 
   45    45    34    37    36    36    38    35    43    39    46    33    39    21    39    34 
   38    32    25    30    27    20    27    32    19    34    29    31    31    35    34    29 
   28    28    33    28    29    29    34    31    28    28    33    23    31    22    22    30 
   38    23    28    31    29    26    31    28    32    29    35    33    26    33    27    18 
   20    26    23    30    33    33    21    36    18    33    25    29    27    28    28    31 
   30    26    40    22    36    26    29    32    30    18    32    31    30    24    28    31 
   30    36    25    35    30    27    25    19    29    23    27    33    16    19    25    25 
   17    28    33    23    33    29    20    19    20    30    16    23    29    18    27    19 
   27    21    20    26    17    17    17    13    22    19    24    28    25    28    18    20 
   21    22    27    27    26    24    27    33    22    22    25    29    39    36    31    45 
   32    53    40    49    49    35    40    37    51    58    58    67    69    65    67    83 
   83    87    76    83   101   103   117   137   138   145   147   151   166   162   200   172 
  200   199   256   218   243   262   279   273   263   281   334   355   308   379   380   390 
  391   427   409   426   457   427   446   437   439   498   463   503   464   494   516   475 
  485   495   508   495   507   506   551   445   492   447   496   489   472   440   437   440 
  401   451   444   417   402   374   369   341   360   326   295   302   352   304   299   260 
  287   262   223   245   205   237   201   182   192   184   151   154   153   132   126   131 
  139   116   123   136   105    87    80    77    84    67    61    57    59    54    47    55 
   39    33    39    33    30    36    45    42    31    32    27    22    29    21    19    27 
   21    20    18    18    12    19    18    13    17    13    13    12    10    13    14    10 
    7     6    11    15    14    10    14    11    13    14    13     7    12     7    11     8 
   11    10     6     8     9     7     3    13    11    13     7    14    12    12     5     3 
    7     7     6     7     9    10    14     8    10     6     7    11    11     9    14     8 
   11     8    10    10    12     6    12     3    17     6     7     7     7     6     9     6 
    8     6     9     2     8     4     5     6     7    13     6     5     3    11     6     6 
    4     8     6     3     8    11     6     5     3     6     8     4     8     8     4     7 
    4     8     6     5     4     5    10     6     2     4     8     6    11     7     6     2 
    4    10     9    10     3     2     5     9     9     5     2     3     7     1     5     2 
    6     2     3     2     0     4     1     2     9     4    10     5     6     7     2     7 
    5     4     5     5     6     1     4     8     2     5     7     6     4     8     3     7 
    2     2     8     2     6     1     5     6     4     8     4     5     3     2     4     1 
    5     6     1     4     4     7     2     4     8    11     4    13     6     3     2     3 
    4     6    11     7     6     7     6     4     7     5     6     5     6    10     6     4 
    7     3     1     7     5     8     5    10     7     5     2     5     3     3    10  2895 
>> 02/25/2025 17:05:08
Sample: BGO
Run-Type: 2
Gate: 2000 (ns)
Pedestal: 25
Source-Energy: 1.000000 (MeV)
Channel-PE: 1.000000
Run-Time: 180 (Sec)
HV: 1689
Motor-Position: 45 0
Neslab-temp: -1234.0
SR630-temp: -1000.0  -1000.0  -1000.0
T1: T1 0.000000
T2: T2 0.000000
T3: T3 0.000000
T4: T4 0.000000
T5: T5 0.000000
Data:
    0     0     0     0     0     0     0     0     0     0     0     0     0     0     0     0 
    0     0     0     0     0     0     0     0     0     0     0     0     0     0     0     0 
    0     0     0     0     0     0     0     0     0     0     0     0     0     0     0     0 
    0     0     0     0     0     0     0     0     0     0     0     0     0     0     0     0 
    0     0     0     0     0     0     0     0     0     0     0     0     0     0     0     0 
    0     0     0     0     0     0     0     0     0     0     0     0     0     0     0     0 
    0     0     0     0     0     0     0     0     0     0     0     0     0     0     0     0 
    0     0     0     0     0     0     0     0     0     0     0     0     0     0     0     0 
    0     0     0     0     0     0     0     0     0     0     0     0     0     0     0     0 
    0     0     0     0     0     0     0     0     0     0     0     0     0     0     0     0 
    0     0     0     0     0     0     0     0     0     0     0     0     0     0     0     0 
    0     0     0     0     0     0     0     0     0     0     0     0     0     0     0     0 
    0     0     0     0     0     0     0     0     0     0     0     0     0     0     0     0 
    0     0     0     0     0     0     0     0     0     0     0     0     0     0     0     0 
    0     0     0     0     0     0     0     0     0     0     0     0     0     0     0     0 
    0     0     0     0     0     0     0     0     0     0     0     0     0     0     0     0 
    0     0     0     0     0     0     0     0     0     0     0     0     0     0     0     0 
    0     0     0     0     0     0     0     0     0     0     0     0     0     0     0     0 
    0     0     0     0     0     0     0     0     0     0     0     0     0     0     0     0 
    0     0     0     0     0     0     0     0     0     0     0     0     0     0     0     0 
    0     0     0     0     0     0     0     0     0     0     0     0     0     0     0     0 
    0     0     0     0     0     0     0     0     0     0     0     0     0     0     0     0 
    0     0     0     0    40 12886   792   304   184   145   125   111   111    90    76    85 
   83    81    62    60    76    49    55    70    64    66    55    45    48    68    55    54 
   51    57    60    43    46    49    57    54    44    46    53    49    49    45    44    48 
   51    41    43    50    38    46    34    52    34    40    39    39    31    40    38    30 
   51    40    51    33    47    29    39    37    42    42    44    31    41    45    39    38 
   43    34    46    42    38    34    30    38    47    36    38    37    37    46    45    31 
   38    40    32    30    44    28    30    28    39    34    46    38    35    38    36    35 
   33    38    37    39    37    30    40    33    39    44    37    29    50    39    42    39 
   29    32    32    28    37    26    34    41    43    33    31    39    36    37    27    39 
   38    30    27    19    20    34    33    30    32    32    44    24    36    34    24    28 
   32    34    28    21    27    24    34    25    31    25    24    32    23    32    35    28 
   38    33    38    19    34    29    22    36    24    27    24    26    32    29    19    27 
   17    25    29    25    16    30    29    28    21    28    32    31    30    22    34    31 
   27    28    30    31    24    26    18    24    26    30    31    25    35    30    37    27 
   30    28    26    29    33    38    32    28    29    26    23    25    30    25    32    27 
   26    31    17    31    24    21    27    27    25    22    15    17    24    30    26    20 
   19    22    21    19    21    17    17    23    28    31    20    25    22    16    18    24 
   27    27    19    26    17    24    25    26    37    28    40    32    33    36    32    31 
   45    41    39    23    45    41    41    56    46    40    52    69    71    74    77    82 
   86   102    95    94    96   119    97   145   139   135   131   176   170   184   197   201 
  196   209   202   235   255   282   274   278   269   314   319   315   334   380   361   402 
  385   415   402   442   424   425   472   484   440   469   422   482   504   397   474   469 
  481   487   485   446   516   494   454   479   452   442   441   449   464   440   409   398 
  364   385   389   355   373   347   350   355   310   345   299   293   311   244   229   232 
  243   219   201   216   190   184   183   173   173   176   121   118   133   132    96   127 
   98   129   119    99    98    84    81    72    75    73    62    58    51    47    33    48 
   42    51    43    33    29    34    32    30    30    22    37    26    21    15    24    13 
   26    16    23    16    16    12    18    20    11    12    10    13    13    15    12    24 
   11     7    19     9    15    13    10    14    10    13    13     7    12    10     6     6 
   21     7     8    13     8    14    17    12    13     8     7    12    11    11     7     4 
   12     8     7    12     5    14     9    15    15    11     6     5     6    10    14    14 
   12     6    11    10     8     9    14    11     8     8     6     8     6     8     7     5 
    7     8     6     4     5     5     5     5     6     9     7     6     8    14     2     7 
    7     9     5     9     6     5     6    11     6     9     8     8     5     7     5     8 
    7     2     4     2     4     5     8     7     4     6     4     8     4     5     5     6 
    5    10     1    10     3     5     4     1     1     7     4     6     4     2     7     1 
    8     6     4     4     6     3    11     3     9     2     7     5     7     7     5     7 
    5     3     5     8     3     6     6     2     5     6     3     5     3     8     4     6 
    4     2     4     2     9     4     1     8     5     1     4     3     6     2     8     5 
    3     4     7     2     5     6     5     4     8     0     6     4     6     6     1     2 
    5     9     7     3     8     4     6     2     7     3     6     5     7     1     2     3 
    6     9     6     6     6     7     6     4     5     7     6     6     8     3     5  2902 
>> 02/25/2025 17:09:17
Sample: BGO
Run-Type: 2
Gate: 2000 (ns)
Pedestal: 25
Source-Energy: 1.000000 (MeV)
Channel-PE: 1.000000
Run-Time: 180 (Sec)
HV: 1689
Motor-Position: 65 0
Neslab-temp: -1234.0
SR630-temp: -1000.0  -1000.0  -1000.0
T1: T1 0.000000
T2: T2 0.000000
T3: T3 0.000000
T4: T4 0.000000
T5: T5 0.000000
Data:
    0     0     0     0     0     0     0     0     0     0     0     0     0     0     0     0 
    0     0     0     0     0     0     0     0     0     0     0     0     0     0     0     0 
    0     0     0     0     0     0     0     0     0     0     0     0     0     0     0     0 
    0     0     0     0     0     0     0     0     0     0     0     0     0     0     0     0 
    0     0     0     0     0     0     0     0     0     0     0     0     0     0     0     0 
    0     0     0     0     0     0     0     0     0     0     0     0     0     0     0     0 
    0     0     0     0     0     0     0     0     0     0     0     0     0     0     0     0 
    0     0     0     0     0     0     0     0     0     0     0     0     0     0     0     0 
    0     0     0     0     0     0     0     0     0     0     0     0     0     0     0     0 
    0     0     0     0     0     0     0     0     0     0     0     0     0     0     0     0 
    0     0     0     0     0     0     0     0     0     0     0     0     0     0     0     0 
    0     0     0     0     0     0     0     0     0     0     0     0     0     0     0     0 
    0     0     0     0     0     0     0     0     0     0     0     0     0     0     0     0 
    0     0     0     0     0     0     0     0     0     0     0     0     0     0     0     0 
    0     0     0     0     0     0     0     0     0     0     0     0     0     0     0     0 
    0     0     0     0     0     0     0     0     0     0     0     0     0     0     0     0 
    0     0     0     0     0     0     0     0     0     0     0     0     0     0     0     0 
    0     0     0     0     0     0     0     0     0     0     0     0     0     0     0     0 
    0     0     0     0     0     0     0     0     0     0     0     0     0     0     0     0 
    0     0     0     0     0     0     0     0     0     0     0     0     0     0     0     0 
    0     0     0     0     0     0     0     0     0     0     0     0     0     0     0     0 
    0     0     0     0     0     0     0     0     0     0     0     0     0     0     0     0 
    0     0     0     0    80 12545   713   316   165   125   106   106    98    98    95    78 
   88    66    89    66    59    65    75    71    55    74    41    65    58    58    42    62 
   43    57    54    50    53    56    49    51    43    40    55    49    45    46    43    45 
   36    32    29    54    42    41    51    41    37    43    58    41    47    41    45    43 
   36    50    44    36    46    44    33    42    40    38    43    26    55    34    43    52 
   44    41    32    31    35    40    24    37    30    39    46    31    47    34    30    35 
   39    30    30    33    41    36    36    36    37    39    37    37    40    41    43    41 
   32    42    32    41    35    27    28    37    44    29    31    39    35    31    33    41 
   33    40    33    21    42    25    30    31    35    38    43    43    39    44    29    32 
   35    33    26    23    27    33    27    30    24    31    31    36    30    47    30    32 
   25    32    22    26    29    33    31    44    29    30    28    19    29    36    29    23 
   29    25    26    29    35    29    23    22    26    38    27    22    23    28    22    25 
   27    20    36    41    41    28    20    32    31    23    38    27    21    24    17    30 
   27    38    29    31    24    33    22    30    30    33    30    28    35    20    24    35 
   32    40    31    33    42    33    32    22    31    20    20    20    30    30    33    25 
   29    24    16    28    24    24    20    28    21    20    19    24    21    16    22    20 
   28    19    24    27    26    30    18    32    25    16    17    20    20    27    30    24 
   24    21    21    33    35    33    27    26    35    32    25    27    38    32    28    37 
   32    27    39    40    36    53    40    44    47    54    60    57    60    68    68    91 
   76    84    91   112   107   100   102   132   134   130   152   166   160   188   185   220 
  187   203   244   247   234   275   278   278   324   314   306   320   363   387   346   383 
  388   389   409   413   398   477   432   406   452   457   465   459   525   477   427   461 
  480   494   489   491   508   465   477   450   479   491   482   465   472   423   391   413 
  410   427   422   378   330   333   369   375   334   329   318   282   288   244   247   269 
  229   238   240   199   174   222   187   187   155   150   142   129   144   124   121   125 
   94    83   107    99    82    80    59    59    89    73    51    64    66    54    40    31 
   56    41    40    33    34    34    39    29    24    20    25    13    27    23    17    31 
   22    17    19    18    23    10     9    10     8    17    19    13    13     7    11    15 
   12    10     8    16    16     7     9    11    11    15    12     9     9    13    14    13 
   12     6     9    13    15     9    16     5    11    16    15     5     7    10     8    10 
    9    17    16     9     5    11     6     9     9    13    10     8    10    11     8    11 
    5     4     5    11     7     7     9     8     7     8     7     7     9     8    13     7 
    9    11     8     7     8    10     9     1     7     9     6     5     4     7     9    12 
    7     7     6     7     6     2     7     8     6    10     9     9     8     4     5     5 
    4     3    12     2     3     5    11     3     7     5     5     1     4     2     5     5 
    4     7     8     8     9     6     6     8     7     5     2     6     5     7     5     7 
    5     5    13     3     6     8     4     5     2     6     6     7     6     8     7     6 
    3     8     3     5     5     6     3     1     3     6     7     6     7     4     7     3 
    6     7    11     4     5     2     2     3     5     5     4     3     4     3     5     4 
    4     7     7     7     7     2     7     6     7    11     5     4     6     6     3     2 
    2     3     5     6     9     5     2     6     5     5     3     3     2     4     5     4 
    3     6     5     4     6     6     4     4     7     5     5     6     6     4     5  2899 
>> 02/25/2025 17:13:51
Sample: BGO
Run-Type: 2
Gate: 2000 (ns)
Pedestal: 25
Source-Energy: 1.000000 (MeV)
Channel-PE: 1.000000
Run-Time: 180 (Sec)
HV: 1689
Motor-Position: 85 0
Neslab-temp: -1234.0
SR630-temp: -1000.0  -1000.0  -1000.0
T1: T1 0.000000
T2: T2 0.000000
T3: T3 0.000000
T4: T4 0.000000
T5: T5 0.000000
Data:
    0     0     0     0     0     0     0     0     0     0     0     0     0     0     0     0 
    0     0     0     0     0     0     0     0     0     0     0     0     0     0     0     0 
    0     0     0     0     0     0     0     0     0     0     0     0     0     0     0     0 
    0     0     0     0     0     0     0     0     0     0     0     0     0     0     0     0 
    0     0     0     0     0     0     0     0     0     0     0     0     0     0     0     0 
    0     0     0     0     0     0     0     0     0     0     0     0     0     0     0     0 
    0     0     0     0     0     0     0     0     0     0     0     0     0     0     0     0 
    0     0     0     0     0     0     0     0     0     0     0     0     0     0     0     0 
    0     0     0     0     0     0     0     0     0     0     0     0     0     0     0     0 
    0     0     0     0     0     0     0     0     0     0     0     0     0     0     0     0 
    0     0     0     0     0     0     0     0     0     0     0     0     0     0     0     0 
    0     0     0     0     0     0     0     0     0     0     0     0     0     0     0     0 
    0     0     0     0     0     0     0     0     0     0     0     0     0     0     0     0 
    0     0     0     0     0     0     0     0     0     0     0     0     0     0     0     0 
    0     0     0     0     0     0     0     0     0     0     0     0     0     0     0     0 
    0     0     0     0     0     0     0     0     0     0     0     0     0     0     0     0 
    0     0     0     0     0     0     0     0     0     0     0     0     0     0     0     0 
    0     0     0     0     0     0     0     0     0     0     0     0     0     0     0     0 
    0     0     0     0     0     0     0     0     0     0     0     0     0     0     0     0 
    0     0     0     0     0     0     0     0     0     0     0     0     0     0     0     0 
    0     0     0     0     0     0     0     0     0     0     0     0     0     0     0     0 
    0     0     0     0     0     0     0     0     0     0     0     0     0     0     0     0 
    0     0     0     0    27 13462   722   282   176   117    86    88    94    80    82    75 
   92    72    58    77    83    68    65    63    57    52    54    63    65    64    63    54 
   46    51    52    42    52    50    43    54    50    53    50    50    40    50    40    49 
   54    51    38    43    46    40    48    39    50    44    41    33    40    47    33    39 
   40    45    56    38    44    38    34    36    41    49    36    39    43    43    39    42 
   42    38    45    55    38    47    35    35    31    27    24    30    37    56    37    32 
   25    39    42    42    44    37    39    21    39    39    39    31    36    28    33    48 
   35    34    39    41    42    35    35    36    37    29    29    30    30    31    33    28 
   35    38    37    26    32    29    41    24    27    28    32    34    25    29    32    29 
   26    24    40    26    26    38    39    26    36    30    30    29    28    42    20    37 
   35    23    35    20    34    29    26    27    27    22    22    15    38    24    29    35 
   29    26    26    25    26    22    30    26    22    26    25    16    33    21    31    32 
   13    17    30    33    25    27    27    29    16    24    20    24    31    32    23    31 
   38    23    27    33    31    26    29    35    31    24    27    21    30    33    29    31 
   25    27    36    28    25    22    34    33    26    25    21    17    31    27    31    29 
   33    30    27    27    18    19    27    19    21    16    28    23    14    16    23    18 
   25    22    24    18    13    17    26    23    24    23    24    29    20    28    23    18 
   22    23    22    23    33    28    34    29    35    32    24    31    29    28    32    34 
   37    28    39    26    38    34    48    50    52    50    55    69    69    60    65    69 
  101    86   105   101    97   111    87   115   141   121   146   144   154   169   152   178 
  214   213   212   226   264   250   275   247   281   340   322   335   356   360   329   388 
  372   395   399   397   392   428   433   497   448   421   444   486   462   485   506   489 
  506   533   474   490   498   478   479   496   467   466   440   472   437   418   418   428 
  384   428   375   357   380   376   330   326   353   334   317   333   297   283   294   274 
  252   247   215   220   208   180   192   173   188   139   156   150   141   126   136   101 
  119   113   106   100    87   102    88    70    71    50    58    80    52    42    62    57 
   47    41    37    39    33    15    27    29    31    29    30    28    14    21    20    29 
   17     9    16    20    18    19    18    20    18    21     8    10     8    15    17     8 
   11    16    18    15     9    11     9     9     9    11    11    10    12     8     8     6 
   12     8     8     6    11    10     4     7    12    14    11     6    19     9    11    12 
    2    10     4     6     7    15    13    10     5    12     7     8     6     6     6     3 
    6     7     8     3     4     7     8     6     7     7     6     8    11     8     6     8 
    9     6    10     6     3     8     8    15     9     7     2     9     8     9    11     9 
    1     2     4     6    13     6     4     5     4     3     8     3     8     7     5     7 
    7     6     6     6     8     2     6     6     7     5     9     3     6     5     5     5 
    5     8     7     4    10     4     5     5     5     5     6     3     4     4     4     8 
    4     4     9     3     0     6     6     2     2     7     7     1     7     5     3     6 
    3     7     6     4     3     6     7     1     7     3     2    11     7     4     3     4 
    7     6     6     7     4     8     4     2     2     3     7     2     5     7     8     6 
    7     4     5     3     8     5     3     4     4     6     5     7     5     4     4     4 
    6     2    10     5     4     6     7     7     7     5     7     9     9     1     3     6 
   10     5     8     4     4     5     5     5     4     2     4     7     3     4     4  2860 
>> 02/25/2025 17:21:57
Sample: BGO
Run-Type: 2
Gate: 2000 (ns)
Pedestal: 25
Source-Energy: 1.000000 (MeV)
Channel-PE: 1.000000
Run-Time: 180 (Sec)
HV: 1689
Motor-Position: 105 0
Neslab-temp: -1234.0
SR630-temp: -1000.0  -1000.0  -1000.0
T1: T1 0.000000
T2: T2 0.000000
T3: T3 0.000000
T4: T4 0.000000
T5: T5 0.000000
Data:
    0     0     0     0     0     0     0     0     0     0     0     0     0     0     0     0 
    0     0     0     0     0     0     0     0     0     0     0     0     0     0     0     0 
    0     0     0     0     0     0     0     0     0     0     0     0     0     0     0     0 
    0     0     0     0     0     0     0     0     0     0     0     0     0     0     0     0 
    0     0     0     0     0     0     0     0     0     0     0     0     0     0     0     0 
    0     0     0     0     0     0     0     0     0     0     0     0     0     0     0     0 
    0     0     0     0     0     0     0     0     0     0     0     0     0     0     0     0 
    0     0     0     0     0     0     0     0     0     0     0     0     0     0     0     0 
    0     0     0     0     0     0     0     0     0     0     0     0     0     0     0     0 
    0     0     0     0     0     0     0     0     0     0     0     0     0     0     0     0 
    0     0     0     0     0     0     0     0     0     0     0     0     0     0     0     0 
    0     0     0     0     0     0     0     0     0     0     0     0     0     0     0     0 
    0     0     0     0     0     0     0     0     0     0     0     0     0     0     0     0 
    0     0     0     0     0     0     0     0     0     0     0     0     0     0     0     0 
    0     0     0     0     0     0     0     0     0     0     0     0     0     0     0     0 
    0     0     0     0     0     0     0     0     0     0     0     0     0     0     0     0 
    0     0     0     0     0     0     0     0     0     0     0     0     0     0     0     0 
    0     0     0     0     0     0     0     0     0     0     0     0     0     0     0     0 
    0     0     0     0     0     0     0     0     0     0     0     0     0     0     0     0 
    0     0     0     0     0     0     0     0     0     0     0     0     0     0     0     0 
    0     0     0     0     0     0     0     0     0     0     0     0     0     0     0     0 
    0     0     0     0     0     0     0     0     0     0     0     0     0     0     0     0 
    0     0     0     0   310 14132   621   271   156   117    99    97    99    76    77    67 
   66    68    76    74    47    65    54    52    54    45    45    56    55    52    62    47 
   53    65    57    48    43    42    44    45    47    41    33    43    66    40    38    45 
   48    42    46    39    46    35    54    46    54    50    34    42    51    42    39    42 
   36    42    37    44    31    48    43    37    42    31    38    29    32    36    40    36 
   34    43    30    40    49    42    27    33    34    30    41    36    42    38    32    31 
   35    41    44    41    25    37    31    36    39    39    46    34    28    44    31    31 
   32    33    40    27    31    38    25    23    33    27    25    35    29    31    29    33 
   32    38    32    28    32    36    31    38    40    33    28    29    25    31    28    35 
   36    42    32    28    24    30    36    26    34    35    41    39    33    37    23    39 
   42    21    29    38    36    36    27    23    27    27    30    31    30    24    18    26 
   22    25    29    31    21    28    31    35    23    37    29    32    19    33    25    32 
   36    27    32    18    22    35    29    30    23    22    29    28    31    24    23    24 
   26    22    23    25    23    23    30    21    30    39    26    23    31    40    22    24 
   38    25    27    18    27    37    29    31    26    21    31    28    18    27    32    21 
   27    35    27    27    18    22    23    30    21    20    22    27    25    21    20    24 
   31    20    27    17    26    17    28    18    24    24    20    12    19    23    14    20 
   16    27    24    26    27    21    17    21    24    28    21    31    27    41    26    25 
   29    28    34    34    29    42    35    32    47    46    43    47    56    69    54    56 
   71    64    65    70    72    77    96    84   110   105   131   127   114   141   127   160 
  173   177   174   174   204   209   236   238   234   255   247   268   278   275   258   346 
  360   364   380   394   374   403   410   422   424   453   444   417   475   471   474   433 
  427   511   459   485   462   444   477   465   475   504   452   439   470   441   474   427 
  434   430   421   421   397   376   409   379   359   354   339   329   338   315   315   312 
  303   282   281   254   226   260   240   215   203   187   196   185   194   171   164   164 
  154   134   118   113   107   128    87    99   103    81    95    75    63    69    66    54 
   62    52    53    46    59    52    33    37    31    31    38    28    30    29    26    21 
   15    24    25    16    16    18    18    17    17    15    15    17    21    13     9    15 
   11     8    16     5    10    15    13    15    10     9    11    10     9    17    17    15 
   11    16     6     6     9     8    10    15     6     8     9     5    10    11    11    10 
    8     7     8    12     7     6     8    10     8     8     6    10     8     8     9     8 
    6    11     9     6     6    13     8     4     8     7     8     7     4     7    12     5 
   10     6     5     2    10     9     8     4     3     3     4     7     6     7     4     8 
    9     7     6     3     7     5     4     4     5     0     8     8     6     6     8     4 
    7     1     5     7     6     7     2     3     3     4     3     3     6     6     3     8 
    3     8     3     5     8     7     3     3     6    11     3     5     6     3     5     5 
    6     7     5     3     3     0     6     4     7     6     2     8     3     3     6     5 
    4     3     5     5     4     2     4     3     4     3     5     7     5     2     7     5 
    5     5     4     4     1     3     4     3     3     6     8     6     4     6     5     9 
    2     5     4     7     2     4     5     6    10     8     2     6     9     6     3     1 
    7     2     3     4     5     3     2     7     5     5     4     3     4     2     4     3 
    5     3     6     5     6     5     7     2     5     6     8     3     2     5     8  2781 
>> 02/25/2025 17:29:29
Sample: BGO
Run-Type: 2
Gate: 2000 (ns)
Pedestal: 25
Source-Energy: 1.000000 (MeV)
Channel-PE: 1.000000
Run-Time: 180 (Sec)
HV: 1689
Motor-Position: 125 0
Neslab-temp: -1234.0
SR630-temp: -1000.0  -1000.0  -1000.0
T1: T1 0.000000
T2: T2 0.000000
T3: T3 0.000000
T4: T4 0.000000
T5: T5 0.000000
Data:
    0     0     0     0     0     0     0     0     0     0     0     0     0     0     0     0 
    0     0     0     0     0     0     0     0     0     0     0     0     0     0     0     0 
    0     0     0     0     0     0     0     0     0     0     0     0     0     0     0     0 
    0     0     0     0     0     0     0     0     0     0     0     0     0     0     0     0 
    0     0     0     0     0     0     0     0     0     0     0     0     0     0     0     0 
    0     0     0     0     0     0     0     0     0     0     0     0     0     0     0     0 
    0     0     0     0     0     0     0     0     0     0     0     0     0     0     0     0 
    0     0     0     0     0     0     0     0     0     0     0     0     0     0     0     0 
    0     0     0     0     0     0     0     0     0     0     0     0     0     0     0     0 
    0     0     0     0     0     0     0     0     0     0     0     0     0     0     0     0 
    0     0     0     0     0     0     0     0     0     0     0     0     0     0     0     0 
    0     0     0     0     0     0     0     0     0     0     0     0     0     0     0     0 
    0     0     0     0     0     0     0     0     0     0     0     0     0     0     0     0 
    0     0     0     0     0     0     0     0     0     0     0     0     0     0     0     0 
    0     0     0     0     0     0     0     0     0     0     0     0     0     0     0     0 
    0     0     0     0     0     0     0     0     0     0     0     0     0     0     0     0 
    0     0     0     0     0     0     0     0     0     0     0     0     0     0     0     0 
    0     0     0     0     0     0     0     0     0     0     0     0     0     0     0     0 
    0     0     0     0     0     0     0     0     0     0     0     0     0     0     0     0 
    0     0     0     0     0     0     0     0     0     0     0     0     0     0     0     0 
    0     0     0     0     0     0     0     0     0     0     0     0     0     0     0     0 
    0     0     0     0     0     0     0     0     0     0     0     0     0     0     0     0 
    0     0     0     0   652 16540   610   223   147   108   109    95    78    64    67    71 
   62    63    55    61    70    63    54    54    50    51    51    44    47    66    46    48 
   39    52    43    49    39    35    44    46    49    49    46    49    38    40    42    51 
   35    43    35    32    33    38    42    39    31    49    31    39    36    36    45    31 
   28    48    39    44    44    34    37    50    46    31    33    36    34    41    38    24 
   38    27    35    44    45    25    46    38    52    30    36    38    40    29    35    29 
   27    31    43    22    38    48    36    42    29    28    24    23    29    33    39    40 
   32    36    30    35    34    36    36    28    31    24    42    37    29    33    33    23 
   36    28    30    41    41    31    27    39    36    34    29    26    39    32    25    36 
   33    31    35    30    43    25    22    26    36    29    31    25    30    30    29    25 
   24    23    24    30    22    26    33    29    30    22    25    33    32    28    30    21 
   21    22    25    26    30    24    25    36    19    19    24    26    24    14    23    25 
   20    34    19    17    27    20    26    18    27    27    22    19    25    22    17    21 
   24    29    28    24    23    23    25    18    27    27    21    31    18    20    31    21 
   20    27    18    29    26    29    19    21    17    28    20    29    25    20    23    20 
   26    22    17    29    30    23    21    32    20    22    25    21    24    15    15    30 
   18    28    15    22    18    22    17    25    17    16    22    21    21    16    20    10 
   16    27    11    17    22    20    23    18    25    21    14    21    19    20    35    23 
   21    15    35    32    27    35    29    25    20    27    32    38    35    53    51    43 
   42    53    42    46    50    61    51    63    59    78    74    79    86    85    93   102 
  118   104   120   124   133   145   140   152   160   171   175   177   199   215   235   259 
  255   294   275   294   268   279   280   305   327   344   340   352   356   376   421   426 
  402   411   446   400   409   437   465   429   443   449   461   454   481   464   433   464 
  455   436   450   457   452   422   403   423   374   409   406   366   369   383   354   373 
  341   353   352   340   329   317   300   289   279   278   266   222   267   230   237   204 
  195   198   174   157   150   164   148   155   130   117   123   115   115    91   114   120 
   94    69    80    86    70    60    48    61    53    54    49    45    48    51    35    35 
   36    23    24    32    26    13    22    21    27    25    18    19    17    15    25    16 
   11    15    21     9    11    14    13    12    11    14    11    15    10     8     5     7 
   13     6     8     4     8     5     6     9     5    11     6    11     7    15     6     8 
    8    10     7     8     7     8     5     9     8     6     2     5     8     3     7     4 
    8     5     7     9    11     4     4     7     6    10     4    11     4     5     6     7 
    5     7     4     8     5     8     3     3     8     7     5     5     8    13     6     2 
    6     4     7     5     3     3     8     8     5     3     6     4     7     9     4     6 
    4     7     2     3     5     2     5     6     4     7     5     1     3     2     5     3 
    5     5     5     2     8     8     4     3     2     2     3     3     7     4     4     2 
    2     7     5     3     1     2     3     5     6     5     5     2     6     3     4     3 
    4     6     3     5     3     5     2     1     4     4     1     1     5     3     3     5 
    3     3     6     3     5     2     3     1     5     3     3     3     4     3     2     4 
    3     7     4     3     4     3     3     3     7     2     8     1     2     3     3     7 
    1     5     1     4     1     5     4     4     1     2     5     4     3     4     5     4 
    8     3     4     6     8     2     7     8     3     5     6     5     6     2     4  2310 
>> 02/25/2025 17:33:38
Sample: BGO
Run-Type: 2
Gate: 2000 (ns)
Pedestal: 25
Source-Energy: 1.000000 (MeV)
Channel-PE: 1.000000
Run-Time: 179 (Sec)
HV: 1689
Motor-Position: 5 0
Neslab-temp: -1234.0
SR630-temp: -1000.0  -1000.0  -1000.0
T1: T1 0.000000
T2: T2 0.000000
T3: T3 0.000000
T4: T4 0.000000
T5: T5 0.000000
Data:
    0     0     0     0     0     0     0     0     0     0     0     0     0     0     0     0 
    0     0     0     0     0     0     0     0     0     0     0     0     0     0     0     0 
    0     0     0     0     0     0     0     0     0     0     0     0     0     0     0     0 
    0     0     0     0     0     0     0     0     0     0     0     0     0     0     0     0 
    0     0     0     0     0     0     0     0     0     0     0     0     0     0     0     0 
    0     0     0     0     0     0     0     0     0     0     0     0     0     0     0     0 
    0     0     0     0     0     0     0     0     0     0     0     0     0     0     0     0 
    0     0     0     0     0     0     0     0     0     0     0     0     0     0     0     0 
    0     0     0     0     0     0     0     0     0     0     0     0     0     0     0     0 
    0     0     0     0     0     0     0     0     0     0     0     0     0     0     0     0 
    0     0     0     0     0     0     0     0     0     0     0     0     0     0     0     0 
    0     0     0     0     0     0     0     0     0     0     0     0     0     0     0     0 
    0     0     0     0     0     0     0     0     0     0     0     0     0     0     0     0 
    0     0     0     0     0     0     0     0     0     0     0     0     0     0     0     0 
    0     0     0     0     0     0     0     0     0     0     0     0     0     0     0     0 
    0     0     0     0     0     0     0     0     0     0     0     0     0     0     0     0 
    0     0     0     0     0     0     0     0     0     0     0     0     0     0     0     0 
    0     0     0     0     0     0     0     0     0     0     0     0     0     0     0     0 
    0     0     0     0     0     0     0     0     0     0     0     0     0     0     0     0 
    0     0     0     0     0     0     0     0     0     0     0     0     0     0     0     0 
    0     0     0     0     0     0     0     0     0     0     0     0     0     0     0     0 
    0     0     0     0     0     0     0     0     0     0     0     0     0     0     0     0 
    0     0     0     0   166 17248   675   303   182   131   116   108    85    92    77    85 
   60    70    55    60    62    56    65    71    58    62    44    60    54    60    50    52 
   64    55    52    54    50    57    54    48    41    37    47    57    46    36    44    43 
   48    50    41    44    40    39    46    36    39    40    52    50    42    40    36    46 
   46    41    36    31    33    25    42    36    34    54    32    41    38    39    33    49 
   39    47    43    25    40    41    26    43    46    42    39    36    36    29    31    27 
   34    48    33    33    35    35    31    34    30    40    41    32    40    43    37    35 
   46    31    37    42    28    27    32    34    34    35    36    36    35    44    42    36 
   40    39    29    40    35    41    41    38    33    39    25    25    32    30    30    30 
   34    29    36    22    25    38    33    29    37    24    32    35    24    32    35    32 
   38    23    26    33    34    30    37    30    23    30    27    33    22    28    36    17 
   20    34    21    28    24    18    20    20    41    31    29    30    20    15    30    30 
   14    26    29    33    25    32    25    30    31    23    21    24    29    21    23    18 
   26    28    24    26    24    26    32    24    35    39    27    22    21    32    33    23 
   38    31    25    31    21    17    28    25    18    28    25    27    22    23    23    26 
   29    25    27    24    27    25    17    28    22    20    24    15    27    15    12    18 
   25    22    21    18    14    16    27    22    18    22    17    17    15    20    17    23 
   20    28    23    23    13    20    30    26    19    19    17    25    15    30    20    36 
   28    20    28    29    28    31    21    34    32    42    35    37    41    45    54    46 
   39    61    64    52    54    60    71    76    97    94   109   102   114    88   114   121 
  139   147   161   139   165   181   184   192   209   230   234   228   282   252   290   280 
  269   283   341   315   341   342   328   367   393   339   380   414   443   390   425   430 
  444   431   404   412   442   465   446   419   448   478   451   446   446   420   512   442 
  425   420   436   395   400   391   361   386   400   365   360   372   352   342   311   303 
  302   278   298   269   265   233   235   250   214   197   210   210   188   191   193   163 
  150   163   139   145   125   123   113   106   119   110    81    87    77    77    86    59 
   78    69    49    61    61    62    43    43    40    40    35    33    26    26    27    22 
   18    29    29    22    18    24    25    17    21    24    14    16     9    16    12    12 
   15     8     7    16    13     9     6    10     7    15     4    11     5     6     6     8 
   12     5     8    11     9     4    12     7     4     9     8    13     8    12     5     8 
    1    12     5     8     6     4     8     7     6     6    10     8     7     6    14     2 
    5    11     8     8     5     8     4     8    11    10     7     7    10     6     6     5 
    2    10     7    10     7     9     8    10     1     4     9     5     7     3     4     1 
    6     4     9     5     3     4     5     4     6     6     3     5     6     7     4     5 
    6     3    11     6     6     9     6     5     4     3     7     9     2     5     4    10 
    7     6     3     0     3     4     3     3     3     5     2     1     5     8     3     4 
    3     6     4     6     3     1     3     4     3     6     4     2     4     5     4     7 
    2     8     7     6     5     4     5     5     5     4     1     4     4     3     6     4 
    4     2     2     1     5     5     1     4     5     6     3     3     2     3     4     6 
    4     4     5     4     5     4     2     1     1     6     2     7     4     5     3     7 
    4     4     6     3     4     4     2     4     7     5     2     3     2     3     8     6 
    4     7     5     4     7     7     7     2     1     6     4     5     4     2     3  2376 
