>> 02/05/2025 11:38:08
Sample: BGO
Run-Type: 2
Gate: 2000 (ns)
Pedestal: 505
Source-Energy: 1.000000 (MeV)
Channel-PE: 1.000000
Run-Time: 180 (Sec)
HV: 1689
Motor-Position: 5 0
Neslab-temp: -1234.0
SR630-temp: -1000.0  -1000.0  -1000.0
T1: T1 0.000000
T2: T2 0.000000
T3: T3 0.000000
T4: T4 0.000000
T5: T5 0.000000
Data:
    0     0     0     0     0     0     0     0     0     0     0     0     0     0     0     0 
    0     0     0     0     0     0     0     0     0     0     0     0     0     0     0     0 
    0     0     0     0     0     0     0     0     0     0     0     0     0     0     0     0 
    0     0     0     0     0     0     0     0     0     0     0     0     0     0     0     0 
    0     0     0     0     0     0     0     0     0     0     0     0     0     0     0     0 
    0     0     0     0     0     0     0     0     0     0     0     0     0     0     0     0 
    0     0     0     0     0     0     0     0     0     0     0     0     0     0     0     0 
    0     0     0     0     0     0     0     0     0     0     0     0     0     0     0     0 
    0     0     0     0     0     0     0     0     0     0     0     0     0     0     0     0 
    0     0     0     0     0     0     0     0     0     0     0     0     0     0     0     0 
    0     0     0     0     0     0     0     0     0     0     0     0     0     0     0     0 
    0     0     0     0     0     0     0     0     0     0     0     0     0     0     0     0 
    0     0     0     0     0     0     0     0     0     0     0     0     0     0     0     0 
    0     0     0     0     0     0     0     0     0     0     0     0     0     0     0     0 
    0     0     0     0     0     0     0     0     0     0     0     0     0     0     0     0 
    0     0     0     0     0     0     0     0     0     0     0     0     0     0     0     0 
    0     0     0     0     0     0     0     0     0     0     0     0     0     0     0     0 
    0     0     0     0     0     0     0     0     0     0     0     0     0     0     0     0 
    0     0     0     0     0     0     0     0     0     0     0     0     0     0     0     0 
    0     0     0     0     0     0     0     0     0     0     0     0     0     0     0     0 
    0     0     0     0     0     0     0     0     0     0     0     0     0     0     0     0 
    0     0     0     0     0     0     0     0     0     0     0     0     0     0     0     0 
    0     0     0     0     0     0  1800  2684   751   210   146   111    97   101    88    78 
   80    70    78    67    73    56    53    60    67    72    47    68    52    48    58    40 
   35    54    42    57    44    47    50    51    57    47    50    44    55    54    47    36 
   44    46    40    49    49    54    38    45    29    35    36    44    34    49    47    41 
   37    45    45    47    45    40    44    46    40    45    46    40    41    38    44    33 
   40    38    28    38    35    43    42    31    36    30    33    29    46    27    30    32 
   34    19    42    28    36    36    42    36    37    36    30    36    42    40    43    28 
   37    34    21    33    42    30    27    36    31    43    34    34    32    32    25    36 
   33    33    35    36    42    40    38    28    33    33    35    30    37    33    40    25 
   32    28    27    39    37    28    33    42    41    33    41    38    26    33    30    33 
   24    26    28    23    41    31    34    37    37    26    24    32    39    30    26    29 
   29    29    30    30    28    22    22    29    20    24    23    27    22    34    25    29 
   34    24    19    32    25    36    27    27    28    32    30    27    22    23    18    27 
   26    27    32    24    24    20    27    23    23    22    24    26    34    19    21    19 
   25    32    26    30    18    25    24    25    20    28    31    29    27    39    24    28 
   27    27    29    27    29    24    27    19    21    11    30    17    34    22    35    24 
   24    30    22    22    17    17    22    18    23    20    23    23    30    28    18    21 
   18    29    10    24    22    24    24    18    20    19    22    21    17    22    22    23 
   19    23    21    19    21    14    26    24    23    21    20    19    22    32    22    19 
   23    28    25    31    35    22    27    29    26    30    34    38    40    32    45    41 
   37    45    56    42    61    64    55    68    60    56    71    68    55    95    77    86 
  100    90   101   109   101   133   142   150   159   158   151   163   168   177   207   204 
  238   237   264   243   284   280   266   319   321   333   360   349   333   371   401   396 
  367   402   403   396   403   398   454   461   412   473   471   462   479   488   494   492 
  489   511   492   472   438   450   469   456   448   419   425   437   464   448   448   450 
  387   414   414   420   349   375   348   341   360   336   318   326   304   307   317   273 
  252   263   246   228   248   214   210   227   194   197   180   174   157   162   146   161 
  144   121   141   113    83    91    84    86    77    85    88    76    80    59    57    51 
   48    48    62    53    50    42    44    38    37    30    22    31    26    38    30    31 
   25    25    16    19    17    22    18    15    21    15     8    16    14    12    10    20 
   10    13    15    10    13     7     9     7    12    10     9     7     2     7     6    11 
   12    12    10    12     5    10     8     8     8     8     5     8    12     8     6     9 
    6     7     9    13     6     5     7     7    11     7     7    12     5     8     8     4 
    9     7     5     5     7     5     4    11     8     5     5     5     3     8     7     9 
    4     5     6     8     5     6     4     6     7    11     4     3     5     4     3     7 
    4     8     1    10     7     4    12     5     8     6     5     6     4     4     7     5 
    9     8    10     4     5     4     4     6     4     8     6     2     7    11     2     7 
    7     3     6     2     8     5     9     4     6     4     6     7     5     4     6     5 
    6     1     2     3     2     7     6     5     6     4     1     4     8     5     6     1 
    6     6    10     7     1     3     8     1     7     4     8     7     3     5     9     5 
    5     5     2     8     1     5     4     5     3     2     6     3     8     3     1     3 
    4     4     3     8     6     5     4     8     3     4     3     0     0     4     4  2698 
>> 02/05/2025 11:43:38
Sample: BGO
Run-Type: 2
Gate: 2000 (ns)
Pedestal: 505
Source-Energy: 1.000000 (MeV)
Channel-PE: 1.000000
Run-Time: 180 (Sec)
HV: 1689
Motor-Position: 25 0
Neslab-temp: -1234.0
SR630-temp: -1000.0  -1000.0  -1000.0
T1: T1 0.000000
T2: T2 0.000000
T3: T3 0.000000
T4: T4 0.000000
T5: T5 0.000000
Data:
    0     0     0     0     0     0     0     0     0     0     0     0     0     0     0     0 
    0     0     0     0     0     0     0     0     0     0     0     0     0     0     0     0 
    0     0     0     0     0     0     0     0     0     0     0     0     0     0     0     0 
    0     0     0     0     0     0     0     0     0     0     0     0     0     0     0     0 
    0     0     0     0     0     0     0     0     0     0     0     0     0     0     0     0 
    0     0     0     0     0     0     0     0     0     0     0     0     0     0     0     0 
    0     0     0     0     0     0     0     0     0     0     0     0     0     0     0     0 
    0     0     0     0     0     0     0     0     0     0     0     0     0     0     0     0 
    0     0     0     0     0     0     0     0     0     0     0     0     0     0     0     0 
    0     0     0     0     0     0     0     0     0     0     0     0     0     0     0     0 
    0     0     0     0     0     0     0     0     0     0     0     0     0     0     0     0 
    0     0     0     0     0     0     0     0     0     0     0     0     0     0     0     0 
    0     0     0     0     0     0     0     0     0     0     0     0     0     0     0     0 
    0     0     0     0     0     0     0     0     0     0     0     0     0     0     0     0 
    0     0     0     0     0     0     0     0     0     0     0     0     0     0     0     0 
    0     0     0     0     0     0     0     0     0     0     0     0     0     0     0     0 
    0     0     0     0     0     0     0     0     0     0     0     0     0     0     0     0 
    0     0     0     0     0     0     0     0     0     0     0     0     0     0     0     0 
    0     0     0     0     0     0     0     0     0     0     0     0     0     0     0     0 
    0     0     0     0     0     0     0     0     0     0     0     0     0     0     0     0 
    0     0     0     0     0     0     0     0     0     0     0     0     0     0     0     0 
    0     0     0     0     0     0     0     0     0     0     0     0     0     0     0     0 
    0     0     0     0     0    29  6147  1579   462   176   138   120   122   101    98    86 
   82    78    68    66    63    62    63    62    51    58    77    65    44    61    41    67 
   50    65    50    60    55    52    52    48    45    53    50    41    49    43    43    29 
   49    31    48    45    51    40    35    34    41    37    45    45    48    44    52    36 
   50    50    40    42    35    28    43    31    37    44    41    43    37    37    41    43 
   36    31    34    38    37    34    36    31    38    37    40    34    24    37    41    33 
   42    37    28    36    31    38    27    33    34    30    32    24    36    31    30    38 
   26    37    38    33    39    30    40    42    32    38    40    26    36    31    23    31 
   35    36    35    28    36    31    35    40    37    40    31    36    44    46    41    29 
   34    35    30    33    27    38    30    30    37    38    31    45    35    31    31    29 
   28    27    34    38    28    24    37    25    27    30    29    25    36    29    35    30 
   29    27    31    32    24    23    26    24    28    27    24    27    26    23    26    22 
   21    28    19    27    22    34    22    18    22    24    28    24    31    24    27    28 
   25    26    19    44    28    20    20    19    27    19    34    28    23    21    33    22 
   22    29    33    36    34    28    32    23    29    39    17    21    24    31    27    30 
   30    32    33    28    28    32    26    19    26    35    34    25    29    30    20    19 
   37    27    30    26    21    20    28    25    15    19    16    17    25    27    25    24 
   27    32    22    17    20    29    19    22    15    24    26    23    13    22    21    19 
   11    23    22    26    28    33    24    18    25    15    30    29    34    29    39    28 
   22    33    34    27    37    44    45    29    40    57    29    42    48    52    47    52 
   79    47    64    62    89    75    75    75   109    82    84    97   124   145   151   153 
  138   153   161   172   212   159   224   203   225   238   245   222   271   286   277   251 
  302   319   313   340   361   364   382   384   395   373   431   416   400   421   467   441 
  439   444   463   409   444   493   438   497   506   479   511   460   446   444   472   459 
  484   420   476   441   423   416   442   412   420   398   374   403   401   392   345   370 
  365   319   338   339   306   342   266   265   275   259   218   240   253   234   205   206 
  203   197   167   154   146   157   141   146   141   123   112   124   117   103   106    93 
   78    90    75    75    65    61    71    54    66    41    55    37    30    36    57    28 
   41    33    40    29    27    27    23    30    20    25    21    19    20    27    16    24 
   16    13    17     7     6     9    10     9    10    13     8    12     9    10     7    18 
   12    11    17    13     6     9     8    12     8     7    10    11     7     7     7     6 
    7     8     9     7    10     7    10     9    12     8    12    11    10     5     8     9 
    6     8    10    12    10     7    10     8     5     9     8     8    17     2     4    10 
   17     5     5    13     8    10     9     7    11    10     9    13     2     7     5     4 
    6     6     8     3    10     2     9     6     4     7     5     2     7     3     7     7 
    6     8     9    10     6     6     6     5     3     8     6     7     4     3     4     3 
    5     6     6     2     4     2     6     7     1     5     5     8     4     5     6     5 
    5     3     6     7     6     7    11     4     4     4     3     3     2     3     9     3 
    5     8     5     5     6     8     5     1     3     3     5     1     5     3     3     1 
    3     4     5     4     7     6     5     3     7     5     2     2     3     6     2     5 
    5     8     7     3     3     6     4     2     4     6     4     5     3     9     3     3 
    3     3     4     4     4     9     6     7     4     5     6     3     6     3     3  3045 
>> 02/05/2025 11:48:18
Sample: BGO
Run-Type: 2
Gate: 2000 (ns)
Pedestal: 505
Source-Energy: 1.000000 (MeV)
Channel-PE: 1.000000
Run-Time: 180 (Sec)
HV: 1689
Motor-Position: 45 0
Neslab-temp: -1234.0
SR630-temp: -1000.0  -1000.0  -1000.0
T1: T1 0.000000
T2: T2 0.000000
T3: T3 0.000000
T4: T4 0.000000
T5: T5 0.000000
Data:
    0     0     0     0     0     0     0     0     0     0     0     0     0     0     0     0 
    0     0     0     0     0     0     0     0     0     0     0     0     0     0     0     0 
    0     0     0     0     0     0     0     0     0     0     0     0     0     0     0     0 
    0     0     0     0     0     0     0     0     0     0     0     0     0     0     0     0 
    0     0     0     0     0     0     0     0     0     0     0     0     0     0     0     0 
    0     0     0     0     0     0     0     0     0     0     0     0     0     0     0     0 
    0     0     0     0     0     0     0     0     0     0     0     0     0     0     0     0 
    0     0     0     0     0     0     0     0     0     0     0     0     0     0     0     0 
    0     0     0     0     0     0     0     0     0     0     0     0     0     0     0     0 
    0     0     0     0     0     0     0     0     0     0     0     0     0     0     0     0 
    0     0     0     0     0     0     0     0     0     0     0     0     0     0     0     0 
    0     0     0     0     0     0     0     0     0     0     0     0     0     0     0     0 
    0     0     0     0     0     0     0     0     0     0     0     0     0     0     0     0 
    0     0     0     0     0     0     0     0     0     0     0     0     0     0     0     0 
    0     0     0     0     0     0     0     0     0     0     0     0     0     0     0     0 
    0     0     0     0     0     0     0     0     0     0     0     0     0     0     0     0 
    0     0     0     0     0     0     0     0     0     0     0     0     0     0     0     0 
    0     0     0     0     0     0     0     0     0     0     0     0     0     0     0     0 
    0     0     0     0     0     0     0     0     0     0     0     0     0     0     0     0 
    0     0     0     0     0     0     0     0     0     0     0     0     0     0     0     0 
    0     0     0     0     0     0     0     0     0     0     0     0     0     0     0     0 
    0     0     0     0     0     0     0     0     0     0     0     0     0     0     0     0 
    0     0     0     0     0    16  7239  1286   421   175   142   114    94    91   106    83 
   83    84    64    69    75    69    62    58    49    57    63    43    51    62    62    44 
   48    37    58    43    43    56    60    57    52    55    43    47    52    45    42    35 
   44    35    45    42    51    53    48    52    36    38    36    34    29    41    36    39 
   51    39    39    47    40    46    38    43    34    49    41    38    38    45    43    43 
   43    34    52    35    36    41    32    40    32    34    29    44    35    32    49    34 
   42    35    38    26    21    39    41    37    34    36    27    32    42    30    39    25 
   25    26    45    30    30    38    30    26    31    40    42    37    47    26    26    35 
   37    45    29    35    32    33    38    35    30    27    20    28    33    34    39    32 
   24    25    25    34    35    32    31    32    24    30    26    32    28    28    35    39 
   32    28    33    33    44    35    30    33    29    35    28    42    29    26    28    26 
   29    32    24    28    19    30    29    25    20    34    28    30    31    24    28    33 
   23    29    24    15    24    32    30    24    23    27    26    26    31    24    22    20 
   29    23    22    30    29    26    31    23    28    25    20    27    19    23    22    48 
   29    33    31    26    23    31    24    25    34    18    30    25    26    31    21    31 
   25    29    28    28    25    26    23    34    27    24    28    36    25    38    29    35 
   24    22    24    18    20    22    23    20    15    29    31    36    25    25    24    17 
   22    16    15    33    24    20    19    19    32    27    20    24    22    22    24    25 
   20    16    16    28    37    31    32    23    34    23    24    25    25    42    36    29 
   29    35    42    34    36    35    39    32    47    41    42    53    59    60    50    69 
   62    86    80    82    93   102    87   112   103   104   106   131   128   121   148   166 
  163   146   188   201   217   218   226   222   221   243   275   275   294   295   328   328 
  293   336   358   383   366   371   392   404   394   420   422   434   421   445   468   479 
  498   482   467   451   450   491   487   463   502   474   491   477   462   446   444   478 
  457   488   415   431   455   383   385   402   374   384   400   356   344   357   351   327 
  320   320   290   286   251   255   307   245   228   232   235   221   207   199   171   153 
  158   180   143   146   143   139   125   112   129   125    95    91   102    97    82    87 
   65    78    54    60    64    43    55    42    49    44    44    46    36    35    26    23 
   36    35    38    25    24    18    18    15    15    19    20    19    19    17    13    14 
   11     7    18    12    17    16    12    14     9    10    14    11     7     5    13     7 
   10    11    11     8     7    10     8    11    10     9     9    10     9    10     9    14 
   10    12     9    16     5     6    10     9    14     6    13    13    12     8     9     7 
    9     6     6     6    14    13     6     6     7    13     6    12     6     5     8     9 
   12    10     6    10     9     4    10     8     5     8     7     7     7     6    10     8 
    8     6     8     7     4     4    12     8     6     7    10     7     9     8     4     6 
    5     7     3     9     6     6     4    11     9     3     9     2     6     8     6     6 
    2     9     4     7     8     5     7     8     5     7     7     5     3     4     3     5 
    4     6     1     5     6    10     1     5     7     4     5     3     3     4     4     7 
    9    11    10     2     6     3     7     4     8     3     2    10     5     5     7     2 
    7     6     5     4     2     7     7     6     3     4     7     5     2     3     5     5 
    4     6     6     3     3     2     4     8     1     2     4     5     5     6     1     2 
    5     8     4     2     3     1     4     6     1     8     2     9     7     4    10  3143 
>> 02/05/2025 11:51:59
Sample: BGO
Run-Type: 2
Gate: 2000 (ns)
Pedestal: 505
Source-Energy: 1.000000 (MeV)
Channel-PE: 1.000000
Run-Time: 180 (Sec)
HV: 1689
Motor-Position: 65 0
Neslab-temp: -1234.0
SR630-temp: -1000.0  -1000.0  -1000.0
T1: T1 0.000000
T2: T2 0.000000
T3: T3 0.000000
T4: T4 0.000000
T5: T5 0.000000
Data:
    0     0     0     0     0     0     0     0     0     0     0     0     0     0     0     0 
    0     0     0     0     0     0     0     0     0     0     0     0     0     0     0     0 
    0     0     0     0     0     0     0     0     0     0     0     0     0     0     0     0 
    0     0     0     0     0     0     0     0     0     0     0     0     0     0     0     0 
    0     0     0     0     0     0     0     0     0     0     0     0     0     0     0     0 
    0     0     0     0     0     0     0     0     0     0     0     0     0     0     0     0 
    0     0     0     0     0     0     0     0     0     0     0     0     0     0     0     0 
    0     0     0     0     0     0     0     0     0     0     0     0     0     0     0     0 
    0     0     0     0     0     0     0     0     0     0     0     0     0     0     0     0 
    0     0     0     0     0     0     0     0     0     0     0     0     0     0     0     0 
    0     0     0     0     0     0     0     0     0     0     0     0     0     0     0     0 
    0     0     0     0     0     0     0     0     0     0     0     0     0     0     0     0 
    0     0     0     0     0     0     0     0     0     0     0     0     0     0     0     0 
    0     0     0     0     0     0     0     0     0     0     0     0     0     0     0     0 
    0     0     0     0     0     0     0     0     0     0     0     0     0     0     0     0 
    0     0     0     0     0     0     0     0     0     0     0     0     0     0     0     0 
    0     0     0     0     0     0     0     0     0     0     0     0     0     0     0     0 
    0     0     0     0     0     0     0     0     0     0     0     0     0     0     0     0 
    0     0     0     0     0     0     0     0     0     0     0     0     0     0     0     0 
    0     0     0     0     0     0     0     0     0     0     0     0     0     0     0     0 
    0     0     0     0     0     0     0     0     0     0     0     0     0     0     0     0 
    0     0     0     0     0     0     0     0     0     0     0     0     0     0     0     0 
    0     0     0     0     0    35  7678  1166   367   156   133   106    84    91    77    86 
   73    83    73    79    64    59    59    54    54    68    55    65    57    55    59    64 
   58    49    69    59    55    54    40    47    51    37    42    47    53    55    52    38 
   39    41    41    43    46    40    41    38    43    54    48    36    47    35    36    40 
   49    33    42    48    40    35    43    36    34    40    38    39    47    41    25    34 
   47    36    48    46    39    40    35    39    42    31    38    44    37    43    40    35 
   37    41    31    35    33    40    31    33    33    40    30    32    30    43    31    33 
   35    39    32    29    34    40    33    33    34    29    37    28    34    33    36    29 
   35    34    25    35    35    30    31    29    41    39    30    37    42    27    43    28 
   31    26    40    30    33    21    36    37    31    32    25    40    23    30    27    26 
   24    23    34    31    34    33    30    33    33    38    33    24    37    30    27    29 
   32    22    31    34    23    25    27    19    29    25    17    33    24    27    26    29 
   35    24    32    32    19    24    26    33    21    23    24    23    26    23    27    29 
   19    29    34    23    30    31    29    20    19    24    19    28    30    23    31    26 
   27    22    29    34    21    32    26    29    25    28    39    24    26    32    21    24 
   22    30    33    22    30    24    25    25    31    28    21    27    20    27    22    28 
   28    19    25    29    21    11    23    27    24    26    26    21    27    24    21    27 
   32    22    22    24    18    23    18    20    22    24    23    28    29    27    27    19 
   20    20    23    25    33    29    24    22    28    29    27    29    30    29    39    29 
   21    31    28    48    37    53    57    38    41    44    49    54    56    58    58    57 
   68    74    69    71   101    92   116   117   125   113   108   130   154   156   169   157 
  184   191   206   199   210   261   245   241   257   283   301   289   268   280   344   351 
  348   372   367   383   377   378   436   439   424   446   424   462   440   456   442   412 
  496   479   498   438   493   453   491   450   443   456   442   495   492   482   445   464 
  451   434   421   440   412   395   416   425   375   371   384   393   356   315   329   319 
  325   294   267   284   234   238   226   242   234   209   202   189   179   164   176   185 
  154   159   173   118   117   132   101   121   109    96    84   106    75    86    70    65 
   62    61    66    66    53    45    41    61    36    41    30    33    29    32    18    16 
   29    19    26    13    15    20    23    16    24    16    25    13    15    18    12    15 
   12    12    15    14    11    15    11     7    14    11    14    16    10    12     9    10 
   11     8     7    12    12     8     7    13    11     8    14     9     9    11    10    13 
   11     6    13    17     8    13    13     8     5     4    10    13     4     9     7     9 
    5     6    15     9     6     7    10    11     5     8     9     6    11     7    13    10 
    5    15     7     5    12     9     9     7     9     6    12     9     4     5     6     9 
    7     6     6     6     4     9     8     4     5    12     6     9     4     5     8     6 
    8     4     7     8     5     3     3     4     9     5     6     8     8     4     4     6 
    5     4     9     3     4     7     4     3     4     3     8     6     9     7     6     4 
    8     4     9     6     4     3     7     3     7     4     7     3     3     7     2    12 
   11     8     5     4     6     1     2     3     5     5     5     2     2     1    11     9 
    6     5     2     8     0     7     6     6     4     9     4     6     0     5     3     2 
    2     4     5     5     4     6     4     9     3     4     8     6     8     6     3     3 
    4     7     2     5     5     3     7     4     3     2     8     1     6     9     3  3244 
>> 02/05/2025 11:56:42
Sample: BGO
Run-Type: 2
Gate: 2000 (ns)
Pedestal: 505
Source-Energy: 1.000000 (MeV)
Channel-PE: 1.000000
Run-Time: 180 (Sec)
HV: 1689
Motor-Position: 85 0
Neslab-temp: -1234.0
SR630-temp: -1000.0  -1000.0  -1000.0
T1: T1 0.000000
T2: T2 0.000000
T3: T3 0.000000
T4: T4 0.000000
T5: T5 0.000000
Data:
    0     0     0     0     0     0     0     0     0     0     0     0     0     0     0     0 
    0     0     0     0     0     0     0     0     0     0     0     0     0     0     0     0 
    0     0     0     0     0     0     0     0     0     0     0     0     0     0     0     0 
    0     0     0     0     0     0     0     0     0     0     0     0     0     0     0     0 
    0     0     0     0     0     0     0     0     0     0     0     0     0     0     0     0 
    0     0     0     0     0     0     0     0     0     0     0     0     0     0     0     0 
    0     0     0     0     0     0     0     0     0     0     0     0     0     0     0     0 
    0     0     0     0     0     0     0     0     0     0     0     0     0     0     0     0 
    0     0     0     0     0     0     0     0     0     0     0     0     0     0     0     0 
    0     0     0     0     0     0     0     0     0     0     0     0     0     0     0     0 
    0     0     0     0     0     0     0     0     0     0     0     0     0     0     0     0 
    0     0     0     0     0     0     0     0     0     0     0     0     0     0     0     0 
    0     0     0     0     0     0     0     0     0     0     0     0     0     0     0     0 
    0     0     0     0     0     0     0     0     0     0     0     0     0     0     0     0 
    0     0     0     0     0     0     0     0     0     0     0     0     0     0     0     0 
    0     0     0     0     0     0     0     0     0     0     0     0     0     0     0     0 
    0     0     0     0     0     0     0     0     0     0     0     0     0     0     0     0 
    0     0     0     0     0     0     0     0     0     0     0     0     0     0     0     0 
    0     0     0     0     0     0     0     0     0     0     0     0     0     0     0     0 
    0     0     0     0     0     0     0     0     0     0     0     0     0     0     0     0 
    0     0     0     0     0     0     0     0     0     0     0     0     0     0     0     0 
    0     0     0     0     0     0     0     0     0     0     0     0     0     0     0     0 
    0     0     0     0     0    28  8638   973   373   146   131   115    97    92   107    79 
   94    66    60    62    68    55    83    67    44    60    50    57    46    65    51    65 
   54    42    44    53    61    49    44    48    43    46    46    46    43    50    39    48 
   35    39    44    32    38    27    47    48    42    46    45    52    37    31    48    29 
   24    37    29    39    32    43    41    37    44    34    39    39    34    45    29    51 
   34    39    36    42    33    43    31    42    37    22    43    38    41    41    43    43 
   35    47    32    33    42    37    36    50    44    35    34    31    24    28    40    33 
   43    33    24    39    34    38    36    33    34    30    29    31    36    46    33    28 
   33    28    52    28    35    32    29    35    25    26    27    28    35    33    39    29 
   41    34    40    26    31    34    29    27    33    32    27    25    28    39    35    33 
   28    31    35    28    30    36    37    34    29    32    31    29    25    32    26    30 
   25    29    31    31    26    29    26    26    34    34    23    24    26    28    27    25 
   25    26    32    16    24    28    19    28    25    22    21    26    32    26    25    25 
   23    31    34    30    18    25    22    29    33    30    24    21    28    23    30    24 
   37    35    21    29    27    24    29    21    20    24    23    26    29    25    32    35 
   24    23    12    23    31    32    23    26    22    20    33    33    26    28    26    32 
   25    17    27    32    27    23    28    30    27    25    25    31    21    17    19    29 
   17    26    24    21    13    22    19    26    21    20    17    22    20    29    35    26 
   25    23    28    20    28    30    21    39    32    26    23    28    29    33    33    31 
   33    37    32    41    44    43    30    51    48    62    50    53    50    53    86    71 
   65    66    97    94   116   116   107   114   116   119   118   154   144   166   162   190 
  173   207   202   210   235   225   223   258   238   289   287   319   326   306   334   347 
  333   354   370   387   400   422   405   459   461   438   410   485   463   453   479   418 
  491   479   486   487   505   513   494   482   489   494   441   446   459   492   470   459 
  447   465   439   401   419   390   403   361   377   371   363   370   311   314   299   291 
  313   266   255   242   277   251   218   202   222   208   211   190   167   184   148   147 
  156   143   128   110   123   118   132    89    90    84    82    81    98    80    56    77 
   70    60    54    55    51    56    53    42    47    38    32    37    29    27    24    37 
   21    26    21    22    22    32    18    14    24    11    18    25    19     9    22    10 
   19    13    12    14    18    15     8     9    17    13     7    13     7     6    10     9 
   11    10     8     7     6     8    15     9     7     8     4    10    11     7    12    10 
    7     8     9     6    12    12    10     9    10    10     6    12     6     6     7     5 
    8    16    11     7     7    11     5    12    11     5     6     8     3    15     8    10 
    6    11     8    15    10    11    11     4     9    11     7     7     9    13    11     6 
    8     4     8     7     7     4     8    11     7    12     6    13     9     6     4     4 
    9     7     6     4     5     7     4     7     5    10     4     9     5     7     2     4 
    4     5     3     6     8     3     5     3     8     5     5     7     7     5     4     9 
    4     4     4     9     7     2     5     6     1     3     8     2     3     1     3     4 
    6     4     5     5     5     8     6     6     5     5     8     2     3     3     9     3 
    5     4     6     1     5     6     7     5     3     8     5     4     3     5     6     2 
    6     6     5     5     2     3     4     5     1     7     5     4     5     8     2     4 
    3     5     6     4     2     4     5     5     4     5     5     6     5     4    10  3088 
>> 02/05/2025 12:00:45
Sample: BGO
Run-Type: 2
Gate: 2000 (ns)
Pedestal: 505
Source-Energy: 1.000000 (MeV)
Channel-PE: 1.000000
Run-Time: 180 (Sec)
HV: 1689
Motor-Position: 105 0
Neslab-temp: -1234.0
SR630-temp: -1000.0  -1000.0  -1000.0
T1: T1 0.000000
T2: T2 0.000000
T3: T3 0.000000
T4: T4 0.000000
T5: T5 0.000000
Data:
    0     0     0     0     0     0     0     0     0     0     0     0     0     0     0     0 
    0     0     0     0     0     0     0     0     0     0     0     0     0     0     0     0 
    0     0     0     0     0     0     0     0     0     0     0     0     0     0     0     0 
    0     0     0     0     0     0     0     0     0     0     0     0     0     0     0     0 
    0     0     0     0     0     0     0     0     0     0     0     0     0     0     0     0 
    0     0     0     0     0     0     0     0     0     0     0     0     0     0     0     0 
    0     0     0     0     0     0     0     0     0     0     0     0     0     0     0     0 
    0     0     0     0     0     0     0     0     0     0     0     0     0     0     0     0 
    0     0     0     0     0     0     0     0     0     0     0     0     0     0     0     0 
    0     0     0     0     0     0     0     0     0     0     0     0     0     0     0     0 
    0     0     0     0     0     0     0     0     0     0     0     0     0     0     0     0 
    0     0     0     0     0     0     0     0     0     0     0     0     0     0     0     0 
    0     0     0     0     0     0     0     0     0     0     0     0     0     0     0     0 
    0     0     0     0     0     0     0     0     0     0     0     0     0     0     0     0 
    0     0     0     0     0     0     0     0     0     0     0     0     0     0     0     0 
    0     0     0     0     0     0     0     0     0     0     0     0     0     0     0     0 
    0     0     0     0     0     0     0     0     0     0     0     0     0     0     0     0 
    0     0     0     0     0     0     0     0     0     0     0     0     0     0     0     0 
    0     0     0     0     0     0     0     0     0     0     0     0     0     0     0     0 
    0     0     0     0     0     0     0     0     0     0     0     0     0     0     0     0 
    0     0     0     0     0     0     0     0     0     0     0     0     0     0     0     0 
    0     0     0     0     0     0     0     0     0     0     0     0     0     0     0     0 
    0     0     0     0     0    11 11672   972   350   148   158   122   103    88    82    95 
   72    60    75    73    93    59    63    67    71    71    49    59    65    56    38    38 
   50    57    41    42    39    56    42    40    55    46    38    54    48    41    32    38 
   50    38    42    40    41    40    34    46    39    42    32    29    50    34    30    39 
   34    36    44    44    33    35    42    36    44    40    37    34    42    40    35    37 
   32    30    32    35    28    28    36    43    36    41    38    38    25    30    34    36 
   28    48    33    27    44    35    26    33    33    37    31    29    30    28    31    26 
   32    27    39    36    33    34    37    44    20    37    30    32    31    27    32    34 
   29    30    40    28    31    36    24    39    30    42    31    29    28    32    34    31 
   26    35    27    29    42    32    30    25    27    28    37    41    25    28    29    27 
   27    23    31    31    29    27    23    27    20    19    25    31    28    28    34    25 
   23    27    41    31    21    35    23    28    35    26    28    27    28    23    34    27 
   34    19    24    31    31    20    21    25    22    16    27    24    23    28    31    17 
   25    22    24    22    28    28    22    22    20    27    25    31    22    23    20    31 
   19    36    25    26    19    24    36    33    29    29    23    17    24    21    24    37 
   25    20    19    18    23    28    21    20    32    24    21    18    21    29    22    17 
   27    28    17    18    20    23    17    28    27    24    25    34    18    17    17    13 
   29    21    19    17    30    25    24    30    20    21    24    16    25    16    27    22 
   27    18    24    21    17    30    17    24    25    21    27    26    32    26    34    33 
   24    32    37    40    39    30    45    57    46    43    51    56    62    57    40    56 
   62    67    69    70    85    85    78   120   115    99   121   113   128   139   125   164 
  174   179   175   195   218   210   212   234   223   261   299   267   273   280   319   298 
  330   358   351   349   395   408   367   379   395   410   376   420   437   421   438   428 
  444   445   457   444   459   478   432   471   452   510   459   458   423   454   431   461 
  402   446   439   425   418   443   392   394   404   347   367   343   345   348   337   287 
  332   314   267   291   266   247   230   270   228   220   227   213   198   197   177   162 
  182   144   151   148   142   113   111   115   110    96   109   101    96    80    73    77 
   87    67    62    46    70    44    72    36    55    46    61    37    37    41    37    48 
   35    32    25    34    30    18    17    21    23    16    18    12    22    13    12    13 
   15    13     9    12     9    10    10    14     7    10     8    13     8    10    11     9 
    9     7     7    12    10    11     6     9     7    13    10     3    10     8    10    11 
    4     9    11    13    12     6     6    12     8    14    10    14     9     4    10     9 
    9     7    11     9     5     3     2     9     7     8    11     6     5     7    10     7 
   10     7     3     9    10     8    10     7    12     9     7     6    11     7     8     3 
    8     3     9     5     8     7    12     5    10     6     6     9     9     4     4     3 
    5    10    10     8     2     7     5     4     5     2     6     1     3     6     6     6 
    5    13     5     5     6     6     6     7     6     7     6     6     6    11     6     2 
    5     7     8     5     1     8     4     7     4     7     7     3     4     6     7     3 
    4     2     4     4     2     3     5     7     4     4     4     4     5     4     4     5 
    8     1     0     2     2     4     8     8     6     7     9     5     0     8     5     3 
    3     5     7     5     7     7     4     4     2     6     4     4     6     7     4     3 
    5     4     5     5     4     7     4     5     0    12     3     4     6     7     9  2894 
>> 02/05/2025 12:05:21
Sample: BGO
Run-Type: 2
Gate: 2000 (ns)
Pedestal: 505
Source-Energy: 1.000000 (MeV)
Channel-PE: 1.000000
Run-Time: 180 (Sec)
HV: 1689
Motor-Position: 125 0
Neslab-temp: -1234.0
SR630-temp: -1000.0  -1000.0  -1000.0
T1: T1 0.000000
T2: T2 0.000000
T3: T3 0.000000
T4: T4 0.000000
T5: T5 0.000000
Data:
    0     0     0     0     0     0     0     0     0     0     0     0     0     0     0     0 
    0     0     0     0     0     0     0     0     0     0     0     0     0     0     0     0 
    0     0     0     0     0     0     0     0     0     0     0     0     0     0     0     0 
    0     0     0     0     0     0     0     0     0     0     0     0     0     0     0     0 
    0     0     0     0     0     0     0     0     0     0     0     0     0     0     0     0 
    0     0     0     0     0     0     0     0     0     0     0     0     0     0     0     0 
    0     0     0     0     0     0     0     0     0     0     0     0     0     0     0     0 
    0     0     0     0     0     0     0     0     0     0     0     0     0     0     0     0 
    0     0     0     0     0     0     0     0     0     0     0     0     0     0     0     0 
    0     0     0     0     0     0     0     0     0     0     0     0     0     0     0     0 
    0     0     0     0     0     0     0     0     0     0     0     0     0     0     0     0 
    0     0     0     0     0     0     0     0     0     0     0     0     0     0     0     0 
    0     0     0     0     0     0     0     0     0     0     0     0     0     0     0     0 
    0     0     0     0     0     0     0     0     0     0     0     0     0     0     0     0 
    0     0     0     0     0     0     0     0     0     0     0     0     0     0     0     0 
    0     0     0     0     0     0     0     0     0     0     0     0     0     0     0     0 
    0     0     0     0     0     0     0     0     0     0     0     0     0     0     0     0 
    0     0     0     0     0     0     0     0     0     0     0     0     0     0     0     0 
    0     0     0     0     0     0     0     0     0     0     0     0     0     0     0     0 
    0     0     0     0     0     0     0     0     0     0     0     0     0     0     0     0 
    0     0     0     0     0     0     0     0     0     0     0     0     0     0     0     0 
    0     0     0     0     0     0     0     0     0     0     0     0     0     0     0     0 
    0     0     0     0     0   101 12991   881   301   114   124   100    81    75    76    62 
   66    68    60    59    53    56    48    49    47    52    64    45    48    55    45    47 
   49    46    53    44    34    31    40    43    60    53    53    55    33    55    46    43 
   46    34    47    53    36    46    40    35    43    34    28    43    32    35    38    48 
   43    48    44    41    32    43    29    36    49    44    30    40    48    36    29    34 
   40    35    38    34    37    33    37    39    48    26    38    34    34    29    39    38 
   45    42    34    35    27    35    25    41    26    26    35    37    37    36    32    25 
   37    29    29    37    29    39    32    31    23    37    26    30    30    33    30    36 
   39    20    34    29    24    36    29    36    32    29    32    38    25    38    30    43 
   23    31    26    36    28    25    34    30    33    17    26    24    32    18    34    24 
   38    25    24    21    26    32    25    28    32    27    19    29    27    21    31    21 
   41    28    32    16    27    26    23    27    29    24    24    29    18    32    21    24 
   25    25    22    19    27    23    23    30    28    26    20    24    27    25    18    21 
   25    24    21    15    25    36    18    30    28    20    23    29    27    26    27    23 
   16    21    33    23    30    24    35    20    24    18    30    19    31    29    31    30 
   34    13    20    19    29    29    28    17    27    20    24    15    20    18    18    27 
   20    23    23    16    19    13    26    29    21    24    22    20    16    20    17    19 
   16    15    14    14    26    14    14    23    21    14    24    26    18    24    21    21 
   15    21    19    13    15    18    22    20    23    16    25    23    22    24    29    21 
   30    26    25    38    27    29    35    32    28    25    37    43    49    38    46    50 
   46    50    59    62    57    58    69    71    81    76    69    84    95   100   123   117 
  128   116   109   138   166   152   156   164   192   187   222   231   226   238   243   244 
  242   276   296   293   339   296   317   332   329   364   361   375   389   358   385   415 
  410   449   449   372   450   439   456   452   454   446   456   472   444   479   463   454 
  485   475   486   429   433   392   394   405   437   411   443   369   401   409   365   400 
  372   366   339   329   297   302   315   291   280   287   252   273   207   248   220   228 
  215   201   162   188   171   169   183   151   163   138   122   120   116   116   106    93 
  101    85   102    76    78    79    66    74    63    70    54    51    59    53    43    51 
   48    44    37    34    30    35    36    35    21    14    28    17    25    19    23    29 
   12    16    15    19    11    17    13    16     7    15    14     8     8    17     5     4 
    7     6     9     9     8     8    14     4    10    10    14     5    10     4    10     6 
   10     5    10     5     7     8     6     6     9     6     2     5     8     4     6     5 
    9     9    14     6    11     7     5    12     9     8     8     8     4     5     6     5 
   10     5    12     7     8     7     6     7    13     8     6     7     9     5    11     3 
    3     8    12     3     7     8     4     7     3     2     8     6     2     6     7     5 
    5     3     1     7     4     6     9     4     3     4     4     7     2     2     4     2 
    5     4     5     3     3     3     4     4     5     5     5     4     6     4     6     3 
    5     3     5     4     5     3     3     2     4     2     2     1     7     8     3     4 
    2     4     3     3     2     5     2     2     3     4     7     2     6     4     2     4 
    5     1     2     1     3     5     2     4     2     3     7     2     3     2     6     6 
    2     1     3     5     3     3     4     2     2     3     4     2     5     5     5     2 
   10     5     4     4     4     2     4     3     3     5     1     1     3     2     3  2517 
