>> 02/05/2025 10:36:06
Sample: BGO
Run-Type: 2
Gate: 50 (ns)
Pedestal: 25
Source-Energy: 1.000000 (MeV)
Channel-PE: 1.000000
Run-Time: 72 (Sec)
HV: 1689
Motor-Position: 5 0
Neslab-temp: -1234.0
SR630-temp: -1000.0  -1000.0  -1000.0
T1: T1 0.000000
T2: T2 0.000000
T3: T3 0.000000
T4: T4 0.000000
T5: T5 0.000000
Data:
    0     0     0     0     0     0     0     0     0     0     0     0     0     0     0     0 
    0     0     0     0     0     0     0     0     0 30006   344   251   251   221   184   206 
  199   179   172   163   153   158   174   166   231   237   387   496   549   670   764   926 
  986  1091  1063  1060   955   841   767   719   607   458   392   303   211   180   145   122 
   95    80    51    49    44    55    41    47    40    43    34    26    32    32    23    24 
   22    18    19    22    19    17    17    16    14    18    17    28    17    22    15    14 
   22    16    18    19    12    11    13    13    18     8     8    15    21    19    14     8 
    6    12     7    15    22    22    16    20    14    13    18    17     9    12    10    14 
   17    11    13     9     4     6     5     4     5     7     7     9     2     2     3     4 
    4     5     3     0     0     1     0     0     1     0     0     2     0     0     1     1 
    1     2     0     0     3     0     0     0     2     1     0     1     0     0     0     0 
    0     1     1     0     0     0     0     0     0     0     0     0     0     0     0     0 
    0     0     1     0     0     0     0     0     0     0     0     0     0     1     0     0 
    0     0     0     0     0     0     0     0     0     0     0     0     0     0     0     0 
    0     0     1     0     0     0     0     0     0     0     0     0     0     0     0     0 
    0     0     0     0     0     0     0     0     0     0     0     0     0     0     0     0 
    0     0     0     0     0     0     0     0     0     0     0     0     0     0     0     0 
    0     0     0     0     0     0     0     0     0     0     0     0     0     0     0     0 
    0     0     0     0     0     0     0     0     0     0     0     0     0     0     0     0 
    0     0     0     0     0     0     0     0     0     0     0     0     0     0     0     0 
    0     0     0     0     0     0     0     0     0     0     0     0     0     0     0     0 
    0     0     0     0     0     0     0     0     0     0     0     0     0     0     0     0 
    0     0     0     0     0     0     0     0     0     0     0     0     0     0     0     0 
    0     0     0     0     0     0     0     0     0     0     0     0     0     0     0     0 
    0     0     0     0     0     0     0     0     0     0     0     0     0     0     0     0 
    0     0     0     0     0     0     0     0     0     0     0     0     0     0     0     0 
    0     0     0     0     0     0     0     0     0     0     0     0     0     0     0     0 
    0     0     0     0     0     0     0     0     0     0     0     0     0     0     0     0 
    0     0     0     0     0     0     0     0     0     0     0     0     0     0     0     0 
    0     0     0     0     0     0     0     0     0     0     0     0     0     0     0     0 
    0     0     0     0     0     0     0     0     0     0     0     0     0     0     0     0 
    0     0     0     0     0     0     0     0     0     0     0     0     0     0     0     0 
    0     0     0     0     0     0     0     0     0     0     0     0     0     0     0     0 
    0     0     0     0     0     0     0     0     0     0     0     0     0     0     0     0 
    0     0     0     0     0     0     0     0     0     0     0     0     0     0     0     0 
    0     0     0     0     0     0     0     0     0     0     0     0     0     0     0     0 
    0     0     0     0     0     0     0     0     0     0     0     0     0     0     0     0 
    0     0     0     0     0     0     0     0     0     0     0     0     0     0     0     0 
    0     0     0     0     0     0     0     0     0     0     0     0     0     0     0     0 
    0     0     0     0     0     0     0     0     0     0     0     0     0     0     0     0 
    0     0     0     0     0     0     0     0     0     0     0     0     0     0     0     0 
    0     0     0     0     0     0     0     0     0     0     0     0     0     0     0     0 
    0     0     0     0     0     0     0     0     0     0     0     0     0     0     0     0 
    0     0     0     0     0     0     0     0     0     0     0     0     0     0     0     0 
    0     0     0     0     0     0     0     0     0     0     0     0     0     0     0     0 
    0     0     0     0     0     0     0     0     0     0     0     0     0     0     0     0 
    0     0     0     0     0     0     0     0     0     0     0     0     0     0     0     0 
    0     0     0     0     0     0     0     0     0     0     0     0     0     0     0     0 
    0     0     0     0     0     0     0     0     0     0     0     0     0     0     0     0 
    0     0     0     0     0     0     0     0     0     0     0     0     0     0     0     0 
    0     0     0     0     0     0     0     0     0     0     0     0     0     0     0     0 
    0     0     0     0     0     0     0     0     0     0     0     0     0     0     0     0 
    0     0     0     0     0     0     0     0     0     0     0     0     0     0     0     0 
    0     0     0     0     0     0     0     0     0     0     0     0     0     0     0     0 
    0     0     0     0     0     0     0     0     0     0     0     0     0     0     0     0 
    0     0     0     0     0     0     0     0     0     0     0     0     0     0     0     0 
    0     0     0     0     0     0     0     0     0     0     0     0     0     0     0     0 
    0     0     0     0     0     0     0     0     0     0     0     0     0     0     0     0 
    0     0     0     0     0     0     0     0     0     0     0     0     0     0     0     0 
    0     0     0     0     0     0     0     0     0     0     0     0     0     0     0     0 
    0     0     0     0     0     0     0     0     0     0     0     0     0     0     0     0 
    0     0     0     0     0     0     0     0     0     0     0     0     0     0     0     0 
    0     0     0     0     0     0     0     0     0     0     0     0     0     0     0     0 
    0     0     0     0     0     0     0     0     0     0     0     0     0     0     0     0 
>> 02/05/2025 10:39:16
Sample: BGO
Run-Type: 2
Gate: 100 (ns)
Pedestal: 25
Source-Energy: 1.000000 (MeV)
Channel-PE: 1.000000
Run-Time: 117 (Sec)
HV: 1689
Motor-Position: 5 0
Neslab-temp: -1234.0
SR630-temp: -1000.0  -1000.0  -1000.0
T1: T1 0.000000
T2: T2 0.000000
T3: T3 0.000000
T4: T4 0.000000
T5: T5 0.000000
Data:
    0     0     0     0     0     0     0     0     0     0     0     0     0     0     0     0 
    0     0     0     0     0     0     0     0     0     0     0     0     0     0     0     0 
    0     0     0     0     0     0     0     0     0     0     0     5 49049   414   273   233 
  184   177   153   173   153   143   156   117   118   143   130   136   130   136   114   114 
  130   140   117   103   128   113   110    85   101    95    75    92   106    76    90    72 
   78    86    70    86   103    76   102    86   105   112   112   142   177   223   254   302 
  319   379   431   486   574   674   679   812   827   907   966   952   972  1001   948   997 
  915   934   797   788   724   620   618   520   465   441   390   311   296   254   209   166 
  149   128   107    98    77    72    67    46    56    33    33    33    30    21    21    23 
   17    21    15    13    19    18    10    12    12    16    14     5    17    17    14     9 
    6     7     4    13     7    11    11     7     7    10    12     8     7    13     8     9 
    6    11    11    10    13    14     7     7    12     2     5    14     6    12     5    10 
   13     6    10    11    10     7     7    11     9     8     6     9     7    12    12     7 
   15     9    14    15    11    16     9     6    11    17     7    12    13    12    18     8 
   11    16    10    14    13     7    13    16    17     7    13    10     7    12     3    12 
   10     5    10     3    11     5     6     3     5     8     5     6     3     7     6     7 
    6     5     4     5    10     6     5     5     9     5     6     6     5     6     5     6 
   13    12    11     8     9     5    10     7    13    17    10    10    12    10    11    15 
   11     6     8    13    15     9     7    12    13     7    12    15    13     5    13    10 
   12     7     8    11     9     6     5    11     4     7    11     8     5     8     4     7 
    3     4     6     3     2     3     3     7     3     2     1     2     3     0     0     3 
    2     2     0     3     2     0     0     2     2     0     1     0     0     0     0     0 
    0     0     0     0     0     0     0     1     0     1     0     0     1     0     0     2 
    0     0     0     1     0     0     0     0     0     0     0     0     0     0     0     0 
    0     0     0     0     1     0     0     0     0     0     0     0     0     0     0     0 
    0     0     0     0     0     0     0     0     0     1     0     0     0     0     0     0 
    0     0     0     0     0     0     0     0     0     0     0     0     0     0     0     0 
    0     0     0     0     0     0     0     0     0     0     0     0     0     0     0     0 
    0     0     0     0     0     0     0     0     0     0     0     0     0     0     0     0 
    1     0     0     0     0     0     0     0     0     0     0     0     0     0     0     0 
    0     0     0     0     0     0     0     0     0     0     0     0     0     0     0     0 
    0     0     0     0     0     0     0     0     0     0     0     0     0     0     0     0 
    0     0     0     0     0     0     0     0     0     0     0     0     0     0     0     0 
    0     0     0     0     0     0     0     0     0     0     0     0     0     0     0     0 
    0     0     0     0     0     0     0     0     0     0     0     0     0     0     0     0 
    0     0     0     0     0     0     0     0     0     0     0     0     0     0     0     0 
    0     0     0     0     0     0     0     0     0     0     0     0     0     0     0     0 
    0     0     0     0     0     0     0     0     0     0     0     0     0     0     0     0 
    0     0     0     0     0     0     0     0     0     0     0     0     0     0     0     0 
    0     0     0     0     0     0     0     0     0     0     0     0     0     0     0     0 
    0     0     0     0     0     0     0     0     0     0     0     0     0     0     0     0 
    0     0     0     0     0     0     0     0     0     0     0     0     0     0     0     0 
    0     0     0     0     0     0     0     0     0     0     0     0     0     0     0     0 
    0     0     0     0     0     0     0     0     0     0     0     0     0     0     0     0 
    0     0     0     0     0     0     0     0     0     0     0     0     0     0     0     0 
    0     0     0     0     0     0     0     0     0     0     0     0     0     0     0     0 
    0     0     0     0     0     0     0     0     0     0     0     0     0     0     0     0 
    0     0     0     0     0     0     0     0     0     0     0     0     0     0     0     0 
    0     0     0     0     0     0     0     0     0     0     0     0     0     0     0     0 
    0     0     0     0     0     0     0     0     0     0     0     0     0     0     0     0 
    0     0     0     0     0     0     0     0     0     0     0     0     0     0     0     0 
    0     0     0     0     0     0     0     0     0     0     0     0     0     0     0     0 
    0     0     0     0     0     0     0     0     0     0     0     0     0     0     0     0 
    0     0     0     0     0     0     0     0     0     0     0     0     0     0     0     0 
    0     0     0     0     0     0     0     0     0     0     0     0     0     0     0     0 
    0     0     0     0     0     0     0     0     0     0     0     0     0     0     0     0 
    0     0     0     0     0     0     0     0     0     0     0     0     0     0     0     0 
    0     0     0     0     0     0     0     0     0     0     0     0     0     0     0     0 
    0     0     0     0     0     0     0     0     0     0     0     0     0     0     0     0 
    0     0     0     0     0     0     0     0     0     0     0     0     0     0     0     0 
    0     0     0     0     0     0     0     0     0     0     0     0     0     0     0     0 
    0     0     0     0     0     0     0     0     0     0     0     0     0     0     0     0 
    0     0     0     0     0     0     0     0     0     0     0     0     0     0     0     0 
    0     0     0     0     0     0     0     0     0     0     0     0     0     0     0     1 
>> 02/05/2025 10:42:48
Sample: BGO
Run-Type: 2
Gate: 150 (ns)
Pedestal: 25
Source-Energy: 1.000000 (MeV)
Channel-PE: 1.000000
Run-Time: 162 (Sec)
HV: 1689
Motor-Position: 5 0
Neslab-temp: -1234.0
SR630-temp: -1000.0  -1000.0  -1000.0
T1: T1 0.000000
T2: T2 0.000000
T3: T3 0.000000
T4: T4 0.000000
T5: T5 0.000000
Data:
    0     0     0     0     0     0     0     0     0     0     0     0     0     0     0     0 
    0     0     0     0     0     0     0     0     0     0     0     0     0     0     0     0 
    0     0     0     0     0     0     0     0     0     0     0     0     0     0     0     0 
    0     0     0     0 58100 10309   394   271   218   185   206   200   180   172   167   152 
  140   136   148   125   134   125   110   117   131   145   127   118   134   133    96   115 
  133   117   100   109   111   103   104   116   112    92    87   106    91    85    83    78 
   86    93    71    81    88   104    74   101    63    81    73    73    78    89    69    77 
   66    88    67    87    74    76    73    82    64    92    77    76   108    93   123   140 
  130   189   198   198   242   285   346   393   407   498   518   584   675   701   799   843 
  835   914   933   958  1048  1054  1058  1081  1090  1011  1059   986   971   917   887   840 
  803   699   666   597   555   468   428   434   390   332   259   265   199   219   163   124 
  114   120   107    83    72    65    61    50    53    44    39    30    34    22    31    28 
   25    23    20    18    16    13    24    14    14    16    18    12    13    13    12    11 
   12    12     7    14    17    14     9    12    12    17     9    14     7    14     5     5 
   11    16     7     8     6    10     8    10    15     6     6    11    10    14     9    10 
    8     7    13     5     6    16     8     5     9     7     8    13     9     4     9     8 
    3    14    10    10     5     9     6    12     6    10     4    12    13     7     9    10 
    6     9     8     8     4     5     6     9     7    13     6    10     5     6     6     9 
    6    12     7     8     4     8     3     9     8     8     8     8     7    11     7    14 
   14    11    10    11    14    13     7     8     8    15    15    12    10    14    17    13 
   10    10    22    14    10     6     5    14    14     7    13    18    14    14     7    15 
    8     3    11     4    15     8     3    11     8    13     6     8     5     8    16    11 
   11     7    14     7     6     9    12     4     4     4     4     7     4     7     5     5 
    5     5     4     6     3     3     2     5     5     6     6     3     3     4     4     3 
    5     2     2     5     5     4     4     8     4     2     2     6     1     7    10     3 
    6     3     8     5    10     6     4     6     6    10    12     9     8     4    14     8 
    5    10    13     5    11     7    13    11    18    16     2    15    16     7    13    10 
    9    11    16    19    15    11    17     9    14    10    14    11    13    10    10    17 
   10     8    16     7    11     8    14    10    11     8    10    13     7     9     4     7 
    5     4     7     5     5     6     3     6     4     0     3     2     2     3     1     5 
    0     1     0     6     1     4     0     0     1     1     0     0     0     0     1     3 
    1     1     0     1     1     2     0     2     0     0     0     0     1     0     2     1 
    0     1     0     1     0     1     0     0     0     0     0     0     0     0     0     0 
    0     0     0     0     0     0     1     0     0     0     0     0     0     0     0     0 
    0     0     0     0     0     0     0     0     0     0     0     0     0     0     0     0 
    1     0     0     0     0     0     0     0     0     0     0     0     0     0     0     0 
    0     0     0     0     0     0     0     0     0     0     0     0     0     0     0     0 
    0     0     0     0     0     0     0     0     0     0     0     0     0     0     0     0 
    0     0     0     0     0     0     0     0     0     0     0     0     0     0     0     0 
    0     0     0     0     0     0     0     0     0     0     0     0     0     0     0     0 
    0     0     0     0     0     0     0     0     0     0     0     0     0     0     0     0 
    0     0     0     0     0     0     0     0     0     0     0     0     0     0     0     0 
    0     0     0     0     0     0     0     0     0     0     0     0     0     0     0     0 
    0     0     0     0     0     0     0     0     0     0     0     0     0     0     0     0 
    0     0     0     0     0     0     0     0     0     0     1     0     0     0     0     0 
    0     0     0     0     0     0     0     0     0     0     0     0     0     0     0     0 
    0     0     0     0     0     0     0     0     0     0     0     0     0     0     0     0 
    0     0     0     0     0     0     0     0     0     0     0     0     0     0     0     0 
    0     0     0     0     0     0     0     0     0     0     0     0     0     0     0     0 
    0     0     0     0     0     0     0     0     0     0     0     0     0     0     0     0 
    0     0     0     0     0     0     0     0     0     0     0     0     0     0     0     0 
    0     0     0     0     0     0     0     0     0     0     0     0     0     0     0     0 
    0     0     0     0     0     0     0     0     0     0     0     0     0     0     0     0 
    0     0     0     0     0     0     0     0     0     0     0     0     0     0     0     0 
    0     0     0     0     0     0     0     0     0     0     0     0     0     0     0     0 
    0     0     0     0     0     0     0     0     0     0     0     0     0     0     0     0 
    0     0     0     0     0     0     0     0     0     0     0     0     0     0     0     0 
    0     0     0     0     0     0     0     0     0     0     0     0     0     0     0     0 
    0     0     0     0     0     0     0     0     0     0     0     0     0     0     0     0 
    0     0     0     0     0     0     0     0     0     0     0     0     0     0     0     0 
    0     0     0     0     0     0     0     0     0     0     0     0     0     0     0     0 
    0     0     0     0     0     0     0     0     0     0     0     0     0     0     0     0 
    0     0     0     0     0     0     0     0     0     0     0     0     0     0     0     0 
    0     0     0     0     0     0     0     0     0     0     0     0     0     0     0     0 
>> 02/05/2025 10:46:31
Sample: BGO
Run-Type: 2
Gate: 200 (ns)
Pedestal: 25
Source-Energy: 1.000000 (MeV)
Channel-PE: 1.000000
Run-Time: 179 (Sec)
HV: 1689
Motor-Position: 5 0
Neslab-temp: -1234.0
SR630-temp: -1000.0  -1000.0  -1000.0
T1: T1 0.000000
T2: T2 0.000000
T3: T3 0.000000
T4: T4 0.000000
T5: T5 0.000000
Data:
    0     0     0     0     0     0     0     0     0     0     0     0     0     0     0     0 
    0     0     0     0     0     0     0     0     0     0     0     0     0     0     0     0 
    0     0     0     0     0     0     0     0     0     0     0     0     0     0     0     0 
    0     0     0     0     0     0     0     0     0     0     0    13 10037   492   320   241 
  203   178   196   167   174   130   142   143   113   146   137   121   127   119   126   115 
  116   122   107   114    99   103   121    88   107    92   108   106   107   102   102    91 
  111    84   112   109    90    99   104    83    95    85   100    91    89    88    81    86 
   75    93    80    79    76    83    59    62    64    58    64    76    69    62    70    59 
   60    65    62    56    73    73    81    59    60    56    80    60    67    70    81    62 
   70    65    55    49    55    65    54    57    75    81    69    79    76   106   123   138 
  140   151   170   195   252   266   287   319   348   438   452   529   542   576   597   655 
  719   751   821   814   853   944   965   965   989   999  1026  1007  1013   938   992   988 
  920   883   883   810   806   713   750   669   551   595   541   523   413   367   352   299 
  299   249   218   210   174   140   135   123   107    95    85    69    74    42    51    33 
   41    36    37    21    28    32    28    14    26    24    20    18    21    21    17    12 
   12    16    23    22    19    21    19    12    11    16    12    10    13    10    12    11 
   13     9    13    10     9    12     8    14    13     4    11     7    12    12    11     6 
   13    10     8     4    12    11    10    13     7     8     8     6     3     6     8    11 
    8     7     7    12    11    10     6     4     7     4     5     7     8    11    10     4 
    4    11    11     6     5     7    13    13     6     8     6    10    12    11     6     9 
    1     6    10     8     8     5     4     8    13     5     6     6     8     7     3    11 
    8     3     8     8    14    11     8     8     1     7     8     7     5     6     5     5 
    5     6    10     9     5     4     5     8     4     4     7     5     6     9     8     7 
    7     8     6     7    13     9     6     8    10    10     7     8    10     5    10     8 
    7     6     8    12     4     9     5    11    11    10     7    16    14    15    13    14 
   11    11    15    13    13    12     9    12     9    14    11    14    13    12     8    14 
   13    14    11    12     9     9    13    10    11    15    11     6     8    11    12     2 
   11     8     2     6     9     7     2     9     9     5     6     2     5     7     6     8 
    5     5     7     5     8     5     6     9     9     4     3     5     6     3     4     5 
    5     5     4     1     1     8     8     2     5     5     5     1     4     6     3     4 
    3     4     4     2     2     1     2     2     3     2     3     4     7     1     4     8 
    7     6     1     4     2     3     4     3     5     1     3     4     5     3     3     7 
    5     3     6     1     4     3     8     4     5     7    12     6     5     9     6     9 
    9     8     9     9     5    13    16    10     7    11     9    11    10    17     9    16 
   14    18     8    10     8    13    13    13    12     4    10     7    18     9    16    10 
    6    14     8     7    10     7    14    14    14     8    12    11    14     5    11    13 
    6     6    10     4     8     8     8     4    10     4     5    11     4     4     2     3 
    2     5     2     2     2     4     5     6     5     2     1     5     1     1     3     4 
    2     2     2     2     2     2     2     2     1     0     0     1     2     0     0     1 
    0     0     0     0     1     1     1     1     0     0     0     0     0     0     0     0 
    0     1     0     0     0     0     1     0     0     0     0     0     0     0     0     0 
    0     0     0     0     0     0     0     0     1     0     0     0     0     0     0     0 
    0     0     0     0     0     0     0     0     0     0     1     0     0     0     0     0 
    0     0     0     0     0     0     0     0     0     0     0     0     0     0     0     0 
    0     0     0     0     0     0     0     0     0     0     0     0     0     0     0     0 
    0     0     0     0     0     0     0     0     0     0     0     0     0     0     0     0 
    0     0     0     0     0     0     0     0     0     0     0     0     0     0     0     0 
    0     0     0     0     0     0     0     0     0     0     1     0     0     0     0     0 
    0     0     0     0     0     0     0     0     0     0     0     0     0     0     0     0 
    0     0     0     0     0     0     0     0     0     0     0     0     0     0     0     0 
    0     0     0     0     0     0     0     0     0     0     0     0     0     0     0     0 
    0     0     0     0     0     0     0     0     0     0     0     0     0     0     0     0 
    0     0     0     0     0     0     0     0     0     0     0     0     0     0     0     0 
    0     0     0     0     0     0     0     0     0     0     0     0     0     0     0     0 
    0     0     0     0     0     0     0     0     0     0     0     0     0     0     0     0 
    0     0     0     0     0     0     0     0     0     0     0     0     0     0     0     0 
    0     0     0     0     0     0     0     0     0     0     0     0     0     0     0     0 
    0     0     0     0     0     0     0     0     0     0     0     0     0     0     0     0 
    0     0     0     0     0     0     0     0     0     0     0     0     0     0     0     0 
    0     0     0     0     0     0     0     0     0     0     0     0     0     0     0     0 
    0     0     0     0     0     0     0     0     0     0     0     0     0     0     0     0 
    0     0     0     0     0     0     0     0     0     0     0     0     0     0     0     0 
    0     0     0     0     0     0     0     0     0     0     0     0     0     0     0     0 
    0     0     0     0     0     0     0     0     0     0     0     0     0     0     0     1 
>> 02/05/2025 10:50:39
Sample: BGO
Run-Type: 2
Gate: 500 (ns)
Pedestal: 25
Source-Energy: 1.000000 (MeV)
Channel-PE: 1.000000
Run-Time: 180 (Sec)
HV: 1689
Motor-Position: 5 0
Neslab-temp: -1234.0
SR630-temp: -1000.0  -1000.0  -1000.0
T1: T1 0.000000
T2: T2 0.000000
T3: T3 0.000000
T4: T4 0.000000
T5: T5 0.000000
Data:
    0     0     0     0     0     0     0     0     0     0     0     0     0     0     0     0 
    0     0     0     0     0     0     0     0     0     0     0     0     0     0     0     0 
    0     0     0     0     0     0     0     0     0     0     0     0     0     0     0     0 
    0     0     0     0     0     0     0     0     0     0     0     0     0     0     0     0 
    0     0     0     0     0     0     0     0     0     0     0     0     0     0     0     0 
    0     0     0     0     0     0     0     0     0     0     0     0     0     0     0     0 
    0     0     0     0     0     0     0     0     0     0     0     0     0     0     0     0 
    0     0     0     0     0     0     0     0     0     0     0     0     0     0     0  6907 
 3563   372   230   159   134   118   123    66    96   101    91   106   105    88    66    77 
   66    71    61    68    86    71    72    62    76    59    70    76    64    60    81    64 
   64    68    50    56    58    65    56    54    65    57    61    55    61    50    51    45 
   51    68    57    54    53    54    59    52    58    59    50    39    44    66    52    43 
   48    52    42    41    47    52    57    61    50    50    41    53    57    56    43    57 
   61    56    44    49    52    49    58    54    46    45    41    52    44    49    47    43 
   37    50    49    54    45    44    43    35    32    39    38    40    38    31    43    48 
   26    25    25    37    44    29    43    38    43    40    40    33    40    36    42    37 
   33    35    35    30    33    31    40    42    43    40    31    23    31    31    36    35 
   34    30    45    40    32    35    30    47    39    33    38    31    39    45    31    37 
   33    29    33    41    39    30    42    34    38    31    29    34    24    29    25    24 
   43    28    23    26    25    38    39    22    23    29    22    30    22    17    40    27 
   26    31    30    32    25    27    39    22    27    38    43    40    46    40    46    39 
   47    50    51    58    52    79    61    63    76    88   117   100   105   128   133   162 
  129   181   165   182   231   238   236   244   296   266   306   314   347   356   434   386 
  436   449   454   484   458   517   521   512   588   564   588   577   663   672   624   599 
  638   603   655   644   642   602   629   606   627   629   591   553   613   536   536   529 
  493   525   486   471   428   389   414   369   355   348   342   336   324   272   262   267 
  235   262   210   204   172   174   132   138   126   125   119   108    77    94    85    77 
   74    59    52    63    48    34    39    38    48    28    25    25    19    27    15    15 
   21    18    10    20    25    19    15    11     6    17     6    15    11    11     9    10 
   11    13    11     6     9     7    11     9     7    10    16    11     7     9    12    10 
   12    13    12     9    15     8     7    13     7    11    15     9    13     8    14    13 
   10     7    11     8     9    12    12     7     6     7     4     8    10     5     4     6 
    5     8     6     6     8     5     7     7     7     2    16     5     5     5     6     4 
    5     4    11     3     5     3     6     7     6     3     6     8     9     8     3     4 
    1     5     2     6     4     7     6     5     4     7     4     7     3     6     8     5 
    8     7     4     6     6     6     7     6     5     1     3     7     2     1     0     4 
    2     7     7     5     5     4     5     4     3     5     2     3     2     3     2     5 
    1     6     3     3     3     6     5     7     4     2     6     3     1     2     6     5 
    3     3     5     5     4     4     3     2     6     0     8     3     2     6     5     3 
    3     1     3     2     2     6     1     3     3     0     2     4     3     0     3     2 
    6     2     5     4     5     3     5     3     5     4     4     3     1     5     2     2 
    1     6     2     5     5     4     2     1     7     3     5     5     5     4     5     3 
    5     2     4     3     3     6     4     4     1     4     4     2     4     5     2     2 
    3     4     4     1     3     3     6     3     2     5     2     1     2     2     5     5 
    3     6     6     8     3     5     1     2     4     3     1     4     2     3     0     1 
    4     4     1     2     7     0     2     3     3     4     3     3     3     4     1     5 
    6     1     3     4     7     2     5     5     4     4     3     1     7     1     4     7 
    4     2     4     3     6     5     7     9     4     4     6     5     5     4     4     2 
    6     6    10     5     4     6     4     7     2     2     4     7     7     4     2    10 
    4     3     5     2     5     3     2     7     9     5     4     8     4     7     9     8 
    6     8     7     8     9     9     6     5    11     9     7     7     6     7     4     6 
    4     6    10     5     7     9     5     8     7     6     7     8     5     4     4     3 
    7     4     5     7     2     1     2     4     4     4     3     7     5     5     7     4 
    4     7     3     3     3     8     4     3     4     4     5     5     5     5     6     0 
    2     5     5     7     5     4     1     2     4     1     3     2     6     5     1     3 
    1     3     3     1     2     2     3     2     1     2     4     4     4     6     1     1 
    2     4     0     3     0     0     3     4     0     3     1     0     1     2     0     1 
    2     1     0     5     3     2     1     3     2     0     1     1     2     0     2     0 
    1     2     2     5     0     1     4     1     1     0     0     2     2     1     2     1 
    1     2     1     0     2     1     1     2     2     1     0     1     1     2     1     0 
    3     3     3     2     2     2     1     2     2     2     1     3     1     1     1     3 
    1     0     2     2     1     2     3     1     2     2     0     3     1     1     1     0 
    2     5     1     2     1     1     1     3     0     0     2     3     2     1     1     4 
    4     3     3     3     5     1     0     4     1     1     2     3     1     2     1   794 
>> 02/05/2025 10:54:54
Sample: BGO
Run-Type: 2
Gate: 800 (ns)
Pedestal: 25
Source-Energy: 1.000000 (MeV)
Channel-PE: 1.000000
Run-Time: 180 (Sec)
HV: 1689
Motor-Position: 5 0
Neslab-temp: -1234.0
SR630-temp: -1000.0  -1000.0  -1000.0
T1: T1 0.000000
T2: T2 0.000000
T3: T3 0.000000
T4: T4 0.000000
T5: T5 0.000000
Data:
    0     0     0     0     0     0     0     0     0     0     0     0     0     0     0     0 
    0     0     0     0     0     0     0     0     0     0     0     0     0     0     0     0 
    0     0     0     0     0     0     0     0     0     0     0     0     0     0     0     0 
    0     0     0     0     0     0     0     0     0     0     0     0     0     0     0     0 
    0     0     0     0     0     0     0     0     0     0     0     0     0     0     0     0 
    0     0     0     0     0     0     0     0     0     0     0     0     0     0     0     0 
    0     0     0     0     0     0     0     0     0     0     0     0     0     0     0     0 
    0     0     0     0     0     0     0     0     0     0     0     0     0     0     0     0 
    0     0     0     0     0     0     0     0     0     0     0     0     0     0     0     0 
    0     0     0     0     0     0     0     0     0     0     0     0     0     0     0     0 
    0     0     0     0     0     0     0     0     0     0     0     0     0     0     0     0 
    1  9584   932   335   182   153   147   115   107    94    85    88    90    70    65    72 
   85    64    62    56    67    56    75    58    57    58    51    63    57    57    57    45 
   61    44    60    61    49    40    55    58    48    50    43    54    48    58    42    45 
   43    38    65    39    50    53    50    54    57    55    42    45    60    35    39    45 
   46    44    43    40    42    39    45    38    38    43    36    38    37    39    36    33 
   52    42    35    35    31    40    45    38    41    34    47    31    35    37    38    43 
   37    33    40    38    30    43    43    40    37    32    33    44    45    31    47    37 
   29    44    42    31    36    30    41    40    25    37    41    34    45    38    28    43 
   30    32    42    32    37    38    25    46    31    32    31    23    35    34    28    44 
   33    23    30    32    23    36    33    26    23    32    33    26    37    35    26    28 
   30    19    35    27    39    26    44    31    28    32    37    15    19    34    37    36 
   23    38    27    29    26    38    32    28    30    28    26    30    21    24    35    38 
   29    20    29    29    26    27    37    27    29    28    23    29    33    25    33    29 
   37    24    22    32    26    31    22    31    27    24    21    27    19    20    26    26 
   24    26    23    22    20    21    26    28    23    26    22    23    26    27    24    20 
   18    32    21    24    25    17    27    22    26    27    20    16    27    30    17    32 
   28    37    30    28    34    38    28    39    37    31    56    44    60    55    59    54 
   74    67    70    64    87    81    87    95    93   116   125   115   168   145   160   149 
  180   193   215   201   223   250   212   246   296   277   271   294   313   332   318   406 
  353   395   420   405   405   475   479   473   478   484   501   488   552   521   515   570 
  587   526   510   541   527   506   510   504   492   511   572   482   496   522   472   493 
  462   470   474   446   428   408   387   404   406   317   350   323   334   302   285   301 
  245   293   258   241   191   200   206   196   186   179   191   151   136   136   130   119 
  105   123    77    86    82    72    99    86    53    58    45    51    46    39    49    38 
   30    31    38    33    28    28    25    29    21    23    21    14    14    13    20     7 
   18    15    19    15    17    12    10    17    11     9     8    11    10    14    13    10 
   11     7     8     9    11    17    11     6     6    12     5     6     6     7     9     5 
   10     7    10    11     6    11    10     7     7    11     5     8     6     4    11     6 
    8     5    16     5     9     5     6     9     5    11     5    13     7     3     5     9 
    6     3     7     5    10    11     7     7     3     7     6     5     8     3     4     7 
    3     3     7     6     8     9     7     3     5     3     6     4     8     3     5     9 
    4     4     5     5     8     4     6     7     5     8     5     5     3     3     0     6 
    4     1     3     3     2     5     5     2     5     3     0     6     2     4     3     3 
    5     1     8     8     1     5     3     5     4     5     4     3     5     1     5     3 
    5     2     5     4     5     5     2     3     4     3     1     5     2    11     3     5 
    2     1     5     2     3     2     2     4     3     3     4     6     4     1     5     2 
    1     5     3     6     1     3     5     3     6     3     1     5     5     4     3     5 
    4     5     3     5     3     2     3     4     2     4     5     2     1     3     2     3 
    2     3     5     2     1     2     4     4     2     6     2     5     8     2     1     6 
    2     2     5     4     1     1     7     1     3     3     2     6     6     3     4     5 
    4     2     2     5     2     6     2     2     3     4     4     2     3     2     2     2 
    2     4     5     1     3     3     3     4     2     6     2    10     6     3     5     1 
    2     6     4     4     5     3     8     3     2     4     1     2     1     2     1     5 
    1     1     3     4     2     2     1     3     3     3     1     2     3     5     3     5 
    1     3     2     5     1     2     4     2     1     3     2     3     1     0     5     4 
    3     2     3     0     2     2     0     4     2     4     1     6     3     1     2     3 
    4     3     5     2     4     1     1     2     4     1     4     0     3     3     1     5 
    5     4     3     5     1     5     1     2     6     1     1     1     3     5     4     2 
    3     3     5     2    10     5     1     4     3     5     1     2     1     3     6     6 
    1     4     6     5     2     4     4    12    10     3     4     3     8     7     5     4 
    0     5     1     4     3     8     5     6     9     7     3     5     3     8     4     7 
    7     7     6     3     3     7     9     5     4     5     8     5     5     4    13     4 
    2     9     2     9     5     7     6    11    11     7     3     3     8     1     6  1339 
>> 02/05/2025 10:58:51
Sample: BGO
Run-Type: 2
Gate: 1000 (ns)
Pedestal: 25
Source-Energy: 1.000000 (MeV)
Channel-PE: 1.000000
Run-Time: 179 (Sec)
HV: 1689
Motor-Position: 5 0
Neslab-temp: -1234.0
SR630-temp: -1000.0  -1000.0  -1000.0
T1: T1 0.000000
T2: T2 0.000000
T3: T3 0.000000
T4: T4 0.000000
T5: T5 0.000000
Data:
    0     0     0     0     0     0     0     0     0     0     0     0     0     0     0     0 
    0     0     0     0     0     0     0     0     0     0     0     0     0     0     0     0 
    0     0     0     0     0     0     0     0     0     0     0     0     0     0     0     0 
    0     0     0     0     0     0     0     0     0     0     0     0     0     0     0     0 
    0     0     0     0     0     0     0     0     0     0     0     0     0     0     0     0 
    0     0     0     0     0     0     0     0     0     0     0     0     0     0     0     0 
    0     0     0     0     0     0     0     0     0     0     0     0     0     0     0     0 
    0     0     0     0     0     0     0     0     0     0     0     0     0     0     0     0 
    0     0     0     0     0     0     0     0     0     0     0     0     0     0     0     0 
    0     0     0     0     0     0     0     0     0     0     0     0     0     0     0     0 
    0     0     0     0     0     0     0     0     0     0     0     0     0     0     0     0 
    0     0     0     0     0     0     0     0     0     0     0     0     0     0     0     0 
    0     0     0     0     0     0     0     0     0     0     0     0     0     0     0 32980 
42710   473   237   164   143   108    99    95    82    82    75    76    72    71    64    61 
   63    70    63    73    53    68    53    56    50    54    55    53    57    51    54    49 
   42    41    43    55    55    41    52    42    51    54    62    53    59    43    40    56 
   33    36    53    36    44    43    39    41    44    34    45    50    36    42    43    40 
   35    38    50    22    40    35    46    44    41    27    46    43    34    39    39    45 
   47    35    32    26    33    39    36    39    35    38    33    32    39    51    27    34 
   40    44    35    37    48    29    45    35    36    39    37    43    38    39    33    38 
   42    38    45    37    36    43    43    30    46    33    41    37    41    39    33    41 
   33    29    30    23    32    32    44    30    49    35    30    21    35    42    43    38 
   32    29    39    22    27    27    36    30    18    25    20    26    28    27    30    23 
   24    31    30    28    39    32    25    30    29    30    31    24    32    44    23    21 
   29    32    31    27    28    23    16    23    27    27    26    27    34    27    22    37 
   27    20    35    27    26    29    29    26    21    30    23    28    27    19    31    29 
   31    28    29    20    30    24    23    36    35    31    21    28    33    33    22    35 
   21    30    21    28    21    20    23    18    21    17    27    26    22    20    23    19 
   15    21    26    26    26    20    26    24    20    19    21    19    26    17    13    27 
   26    22    18    22    17    21    20    19    14    19    27    19    18    21    22    28 
   26    26    32    32    32    29    26    40    41    32    27    40    32    37    45    55 
   49    54    61    56    77    70    81    71    79    88   102    94   103   135   130   136 
  118   128   156   153   179   187   192   196   191   234   230   232   257   293   280   317 
  287   327   341   344   356   394   369   411   441   421   425   448   464   479   460   460 
  474   465   511   532   532   497   497   517   462   486   492   503   520   515   516   473 
  486   451   434   477   444   437   457   434   392   391   414   418   368   382   405   311 
  365   335   318   315   326   278   280   282   256   255   229   191   211   192   194   199 
  166   162   147   160   134   136   120   106   119   112    94   104    91    85    77    86 
   61    63    63    48    47    44    49    36    35    27    42    25    32    35    21    34 
   25    24    18    23    23    14    19    16     9    11    13    10    12    16    10     9 
   19    18    14    10     8     9    11     7     7     9    11    14     5    10     4     6 
    7     6     7     7     5    15     4     7     5     9     7    11    10     4     3     3 
    6     6    12     8     9     4    12     4    10     9     7     7     5     3     5     4 
    6     6     9     8     5    10     9     3    10    10    11     5     7     4     3     7 
    7     5     2    10     3     6     7     2     2    12     2     3     5     6     2     2 
    6     6     8     4     7     4     5     3     2     7     3     4     4     8     6     2 
    0     6     9     8     3     3     4     4     2     1     7     3     2     4     4     2 
    5     3     3     6     0     2     6     1     6     4     2     4     6     4     7     5 
    4     5     2     2     2     4     6     6     3     4     7     3     6     6     2     2 
    2     3     5     8     4     4     4     2     1     4     3     4     4     6     1     2 
    3     2     3     2     3     3     7     5     5     7     1     4     2     6     3     2 
    1     5    10     3     3     3     1     1     6     7     3     4     4     6     3     2 
    3     1     5     3     5     4     1     4     7     5     5     3     2     2     2     3 
    3     2     7     2     5     5     5     3     2     2     3     3     2     5     6     5 
    3     5     1     4     5     3     4     7     3     2     6     5     3     2     0     2 
    3     1     2     3     3     2     4     4     1     2     3     4     4     1     2     3 
    1     1     2     3     9     6     6     5     1     3     7     3     3     5     2     4 
    2     3     2     5     2     5     4     2     3     2     1     2     1     4     2     2 
    2     3     2     2     1     2     3     0     3     3     2     2     3     3     4     3 
    5     3     2     4     0     4     3     3     4     2     4     4     5     2     2     1 
    3     7     1     3     4     2     6     0     1     4     4     2     2     1     1     2 
    4     3     2     1     1     4     3     5     2     2     3     1     4     4     5     0 
    2     0     2     1     1     3     0     3     5     3     2     6     3     3     2     1 
    1     2     1     4     1     2     1     4     3     4     3     4     7     4     5  1799 
>> 02/05/2025 11:02:42
Sample: BGO
Run-Type: 2
Gate: 1500 (ns)
Pedestal: 25
Source-Energy: 1.000000 (MeV)
Channel-PE: 1.000000
Run-Time: 180 (Sec)
HV: 1689
Motor-Position: 5 0
Neslab-temp: -1234.0
SR630-temp: -1000.0  -1000.0  -1000.0
T1: T1 0.000000
T2: T2 0.000000
T3: T3 0.000000
T4: T4 0.000000
T5: T5 0.000000
Data:
    0     0     0     0     0     0     0     0     0     0     0     0     0     0     0     0 
    0     0     0     0     0     0     0     0     0     0     0     0     0     0     0     0 
    0     0     0     0     0     0     0     0     0     0     0     0     0     0     0     0 
    0     0     0     0     0     0     0     0     0     0     0     0     0     0     0     0 
    0     0     0     0     0     0     0     0     0     0     0     0     0     0     0     0 
    0     0     0     0     0     0     0     0     0     0     0     0     0     0     0     0 
    0     0     0     0     0     0     0     0     0     0     0     0     0     0     0     0 
    0     0     0     0     0     0     0     0     0     0     0     0     0     0     0     0 
    0     0     0     0     0     0     0     0     0     0     0     0     0     0     0     0 
    0     0     0     0     0     0     0     0     0     0     0     0     0     0     0     0 
    0     0     0     0     0     0     0     0     0     0     0     0     0     0     0     0 
    0     0     0     0     0     0     0     0     0     0     0     0     0     0     0     0 
    0     0     0     0     0     0     0     0     0     0     0     0     0     0     0     0 
    0     0     0     0     0     0     0     0     0     0     0     0     0     0     0     0 
    0     0     0     0     0     0     0     0     0     0     0     0     0     0     0     0 
    0     0     0     0     0     0     0     0     0     0     0     0     0     0     0     0 
    0     0     0     0     0     0     0     0     0     0     0     0     0     0     0     0 
    0     0     0     0     0     0     0     0     0     0     0     1  9016  1721   434   189 
  138   112    92    92    79    88    74    65    65    61    73    82    68    52    59    47 
   55    78    61    43    54    61    45    49    50    54    61    47    55    41    41    53 
   42    36    41    41    45    37    38    42    48    33    41    34    39    39    55    39 
   30    28    43    52    36    56    38    37    38    43    38    35    37    41    44    41 
   37    31    38    34    39    39    38    35    34    38    34    36    37    41    23    37 
   37    42    43    35    42    32    42    39    36    29    46    31    37    42    35    31 
   43    44    46    37    42    40    29    37    39    27    34    26    30    38    33    23 
   37    24    28    30    35    43    32    37    29    35    42    34    33    28    24    37 
   36    37    37    37    36    40    36    28    31    37    40    28    20    31    36    40 
   30    33    29    29    23    23    22    33    26    29    21    35    36    32    26    37 
   35    31    23    28    33    23    36    25    30    25    29    25    20    30    31    30 
   23    28    20    15    33    23    18    21    21    28    15    30    25    37    28    24 
   24    18    24    24    27    23    30    33    15    27    28    25    26    22    30    28 
   21    24    21    23    23    26    24    31    25    29    29    18    21    39    26    29 
   21    34    39    18    24    19    25    17    22    26    19    23    20    21    34    21 
   30    19    27    27    23    17    17    25    18    18    17    32    19    27    18    22 
   20    16    21    22    16    27    20    20    11    16    18    16    19    19    26    14 
   17    22    27    13    21    10    23    18    20    23    21    30    22    22    24    17 
   24    31    29    23    23    20    30    22    22    34    28    43    36    32    41    37 
   42    42    44    31    54    40    76    49    50    56    70    76    85    78    84    88 
   93   102    99   116   114   131   146   162   141   171   146   185   184   210   195   220 
  231   238   253   263   264   267   307   307   329   346   338   365   321   360   358   377 
  379   382   401   407   438   423   449   439   427   457   458   442   444   476   425   480 
  455   466   478   475   469   466   449   446   442   420   421   429   446   392   437   400 
  424   415   379   405   373   323   355   331   330   319   299   286   281   274   288   255 
  238   250   246   217   202   208   175   196   157   152   146   144   153   146   128   127 
  104    98   106    98    98    95    99    72    79    84    63    71    63    50    48    39 
   56    41    40    37    41    32    42    24    25    30    26    23    23    19    25    22 
   17    15    15    20    14    10    13    16    15    10    13    15     8     5    14     9 
   13     7     7     8    13     6    10    12     7     8     9    12    11     8     4    10 
   13     7    11    13    14    15     5    13     8    11     4     7     1     6     8     9 
   10     8     6     7     8     8     6     9    11    10     6     6     7    11     3     3 
    8    10     6     7     6     3     9    11     4     7    14     6     6     5     8     6 
    5     9     6    10     7     9     4     6     4     3     6     8     8     3     5     5 
    7     6     4     6     9     5     9     3     7     1     2     9     8     8     3     8 
   11     8     7     3     5     8     2     4     4     0     2     5     4     4     3     3 
    3     2     4     7     3     5     6     3     1     0     2     3     6     4     5     3 
    3     5     5     4     4     5     2     3     3     8     0     3     6     5     1     1 
    1     9     3     4     4     6     2     2     1     3     7     4     7     3     2     2 
    3     2     4     4     4     9     6     4     2     3     5     3     3     3     6     4 
    4     5     5     3     3     4     1     4     6     5     3     2     3     2     7     4 
    4     6     4     2     2     2     3     4     1     9     4     5     3     0     5     5 
    2     2     7     7     4     1     1     1     5     5     4     3     3     5     3     3 
    6     6     4     3     5     3     6     5     2     5     3     5     4     6     5     3 
    4     4     6     5     7     3     9     3     3     4     9     1     3     3     6     3 
    6     2     4     5     7     2     3     6     6     6     4     8     5     3     7  2239 
>> 02/05/2025 11:06:19
Sample: BGO
Run-Type: 2
Gate: 2000 (ns)
Pedestal: 25
Source-Energy: 1.000000 (MeV)
Channel-PE: 1.000000
Run-Time: 180 (Sec)
HV: 1689
Motor-Position: 5 0
Neslab-temp: -1234.0
SR630-temp: -1000.0  -1000.0  -1000.0
T1: T1 0.000000
T2: T2 0.000000
T3: T3 0.000000
T4: T4 0.000000
T5: T5 0.000000
Data:
    0     0     0     0     0     0     0     0     0     0     0     0     0     0     0     0 
    0     0     0     0     0     0     0     0     0     0     0     0     0     0     0     0 
    0     0     0     0     0     0     0     0     0     0     0     0     0     0     0     0 
    0     0     0     0     0     0     0     0     0     0     0     0     0     0     0     0 
    0     0     0     0     0     0     0     0     0     0     0     0     0     0     0     0 
    0     0     0     0     0     0     0     0     0     0     0     0     0     0     0     0 
    0     0     0     0     0     0     0     0     0     0     0     0     0     0     0     0 
    0     0     0     0     0     0     0     0     0     0     0     0     0     0     0     0 
    0     0     0     0     0     0     0     0     0     0     0     0     0     0     0     0 
    0     0     0     0     0     0     0     0     0     0     0     0     0     0     0     0 
    0     0     0     0     0     0     0     0     0     0     0     0     0     0     0     0 
    0     0     0     0     0     0     0     0     0     0     0     0     0     0     0     0 
    0     0     0     0     0     0     0     0     0     0     0     0     0     0     0     0 
    0     0     0     0     0     0     0     0     0     0     0     0     0     0     0     0 
    0     0     0     0     0     0     0     0     0     0     0     0     0     0     0     0 
    0     0     0     0     0     0     0     0     0     0     0     0     0     0     0     0 
    0     0     0     0     0     0     0     0     0     0     0     0     0     0     0     0 
    0     0     0     0     0     0     0     0     0     0     0     0     0     0     0     0 
    0     0     0     0     0     0     0     0     0     0     0     0     0     0     0     0 
    0     0     0     0     0     0     0     0     0     0     0     0     0     0     0     0 
    0     0     0     0     0     0     0     0     0     0     0     0     0     0     0     0 
    0     0     0     0     0     0     0     0     0     0     0     0     0     0     0     0 
    0     0     0     0     0     1  8187  1770   424   167   133   124   105   100    81    85 
   68    74    72    66    49    66    64    81    72    55    63    63    55    52    45    36 
   49    53    61    49    49    47    51    46    51    50    48    56    39    41    44    40 
   34    39    45    37    39    43    43    28    29    48    45    34    43    34    41    38 
   34    39    50    41    39    43    36    41    41    36    35    31    28    44    45    47 
   34    30    45    36    39    30    36    27    30    33    42    31    27    25    34    38 
   33    42    37    32    37    34    28    30    42    39    32    30    49    49    37    46 
   40    52    41    41    33    33    39    29    36    23    40    35    31    36    31    31 
   32    39    34    32    29    29    33    34    29    34    28    50    35    32    26    28 
   32    36    37    39    32    35    47    30    30    39    32    28    29    30    37    25 
   31    29    27    41    28    28    32    34    26    34    33    38    31    30    39    37 
   28    23    22    25    35    35    24    25    21    23    30    27    24    24    32    21 
   27    18    27    21    21    21    23    26    20    22    28    24    25    24    21    26 
   35    26    18    31    30    27    26    28    32    19    29    30    28    24    25    26 
   18    28    17    23    20    26    23    27    31    17    27    26    28    29    28    27 
   25    26    24    27    23    22    28    23    24    20    27    27    20    38    31    17 
   20    31    22    23    15    30    28    26    24    25    25    20    12    17    21    15 
   25    24    25    19    13    29    24    20    23    20    18    22    18    30    20    31 
   15    27    18    25    24    16    25    22    27    18    18    20    21    21    19    22 
   18    29    26    30    25    31    38    18    33    21    39    32    41    26    37    39 
   45    41    47    47    44    47    36    58    60    67    69    70    77    82    65    80 
   98   105   102    97   108   112   135   145   162   155   160   154   184   198   218   192 
  232   203   211   243   251   273   286   271   285   291   296   316   309   306   369   339 
  357   358   376   367   360   413   380   443   462   438   438   478   441   481   446   473 
  417   460   477   459   481   478   449   467   453   430   402   435   450   430   421   423 
  436   400   383   327   385   366   363   355   325   350   330   311   292   294   266   276 
  277   268   232   224   222   204   229   210   216   175   177   156   169   164   139   154 
  146   149   120   120   114    76    87   104    83    85    82    76    77    73    66    61 
   66    60    57    33    43    51    40    48    41    32    33    27    30    31    27    25 
   20    22    15    13    15    14    16    14    21    17    18    16    18    13    13    15 
   14     9     8    13    12     9    10    13     8    10     9     9     6     6     5    13 
   11     7     6     8     7    13    12    11     8     2     9    11     8     9     9     7 
    9    11    12    12    11     8    10    11     8     3    10     7     3    10     8     6 
    5     8    11     6     6     9     8     6     4     9     4     1     8     3     8     7 
    7     8     4     5     6    10     6     5     4     8     7     4     6     8     3     7 
    5     8     6     5     7     5     6     6     2     9     6     6     6     7     7     8 
    1     6     5     0     5     5     5     1     7     5     8     4     5    10     5     3 
    7     5     6     6     9     3     7     3     8     0     5     5     1     4     5     2 
    5     2     4     7     3    10     8     7     5     2     5     2     6     3     4     3 
    5    10     3     6     4    10     8     3     9     5     4     4     4     2     1     1 
    5     5     4     4     6     0     3     5     5     4     5     2     3     2     3     4 
    1     6     8     4     9     4     2     5     3     0     3     5     0     3     1  2789 
>> 02/05/2025 11:10:57
Sample: BGO
Run-Type: 2
Gate: 2500 (ns)
Pedestal: 25
Source-Energy: 1.000000 (MeV)
Channel-PE: 1.000000
Run-Time: 180 (Sec)
HV: 1689
Motor-Position: 5 0
Neslab-temp: -1234.0
SR630-temp: -1000.0  -1000.0  -1000.0
T1: T1 0.000000
T2: T2 0.000000
T3: T3 0.000000
T4: T4 0.000000
T5: T5 0.000000
Data:
    0     0     0     0     0     0     0     0     0     0     0     0     0     0     0     0 
    0     0     0     0     0     0     0     0     0     0     0     0     0     0     0     0 
    0     0     0     0     0     0     0     0     0     0     0     0     0     0     0     0 
    0     0     0     0     0     0     0     0     0     0     0     0     0     0     0     0 
    0     0     0     0     0     0     0     0     0     0     0     0     0     0     0     0 
    0     0     0     0     0     0     0     0     0     0     0     0     0     0     0     0 
    0     0     0     0     0     0     0     0     0     0     0     0     0     0     0     0 
    0     0     0     0     0     0     0     0     0     0     0     0     0     0     0     0 
    0     0     0     0     0     0     0     0     0     0     0     0     0     0     0     0 
    0     0     0     0     0     0     0     0     0     0     0     0     0     0     0     0 
    0     0     0     0     0     0     0     0     0     0     0     0     0     0     0     0 
    0     0     0     0     0     0     0     0     0     0     0     0     0     0     0     0 
    0     0     0     0     0     0     0     0     0     0     0     0     0     0     0     0 
    0     0     0     0     0     0     0     0     0     0     0     0     0     0     0     0 
    0     0     0     0     0     0     0     0     0     0     0     0     0     0     0     0 
    0     0     0     0     0     0     0     0     0     0     0     0     0     0     0     0 
    0     0     0     0     0     0     0     0     0     0     0     0     0     0     0     0 
    0     0     0     0     0     0     0     0     0     0     0     0     0     0     0     0 
    0     0     0     0     0     0     0     0     0     0     0     0     0     0     0     0 
    0     0     0     0     0     0     0     0     0     0     0     0     0     0     0     0 
    0     0     0     0     0     0     0     0     0     0     0     0     0     0     0     0 
    0     0     0     0     0     0     0     0     0     0     0     0     0     0     0     0 
    0     0     0     0     0     0     0     0     0     0     0     0     0     0     0     0 
    0     0     0     0     0     0     0     0     0     0     0     0     0     0     0     0 
    0     0     0     0     0     0     0     0     0     0     0     0     0     0     0     0 
    0     0     0     0     0     0     0     0     0     0     0     0     0     0     0     0 
    0     0     0     0     0     0     0     0     0     0     0     0     0     0     0  8777 
  571   886   258   181   115   114   110    91    81    76    76    83    67    60    67    56 
   74    61    65    64    52    54    43    38    56    59    45    59    52    55    40    52 
   31    55    40    30    48    42    55    46    43    51    40    38    39    29    47    41 
   53    32    47    50    33    51    43    49    44    38    37    39    47    41    37    42 
   45    41    41    48    31    48    42    42    41    25    43    39    32    42    31    34 
   38    32    36    32    44    37    32    40    41    36    27    30    25    39    41    37 
   35    32    33    34    28    27    38    42    31    42    23    32    39    30    32    40 
   48    34    48    38    43    30    33    38    41    39    38    38    35    34    23    43 
   30    33    37    36    35    38    36    41    31    24    46    32    41    19    38    30 
   30    24    26    26    30    28    31    27    40    24    32    35    29    22    24    41 
   35    29    25    38    35    25    26    25    25    32    33    21    19    22    32    26 
   18    36    29    30    32    18    19    23    24    24    33    33    21    32    24    17 
   26    31    31    26    30    23    25    26    31    24    18    11    23    21    39    22 
   29    27    25    36    17    28    21    22    30    20    27    23    29    38    18    24 
   29    20    23    29    22    36    25    26    28    27    30    37    27    32    25    25 
   19    27    25    26    37    25    21    36    26    23    22    14    26    29    24    28 
   15    23    22    22    23    29    23    22    23    29    21    28    26     9    24    17 
   19    24    22    15    24    22    12    12    31    20    25    30    19    16    14    21 
   18    13    28    22    19    19    20    24    21    19    21    31    26    25    27    27 
   29    21    26    30    31    41    35    40    35    27    45    35    53    37    45    48 
   45    47    49    68    60    67    56    55    80    81    71    89    94   111   106    80 
   93   122   128   131   153   157   134   154   179   188   176   193   206   218   222   234 
  250   250   267   284   311   326   308   294   326   340   324   379   365   352   373   386 
  391   434   426   451   421   436   440   450   439   407   477   452   443   453   465   468 
  473   455   460   447   434   422   451   438   436   392   434   437   427   381   402   368 
  371   355   316   370   374   321   324   324   277   303   285   271   281   239   257   235 
  219   208   215   195   167   182   163   173   150   158   165   138   128   108   139   113 
  110   109    94    84    90    78    65    81    70    74    92    68    56    52    53    56 
   46    38    48    41    26    42    35    20    32    41    37    20    31    18    19    18 
   20    14    22    18    25    11    15    14    19    17    18     8     9    14    11     6 
    9     7     9     7    10     8    15    12     9     9     3     9     6     7    10    16 
   13    11     8    10    10    11     8     8    14     8    11     9     7     8     9    15 
    4     7    10    11     7     6     6     6     5     8     6     3     5     8     6     7 
    8    10     4     8     5     9     3     7     5     9     5     7     5     5     7     4 
   11     5     7     7     8     6     7     2     6     3     9    11     2     4     5     5 
   10     2     7     1     6    10     8     9     7     7     2    10     6     5     3     4 
    3     5     5     5     3     4     5     5     4     5     5     3     2     5     4  3185 
>> 02/05/2025 11:14:37
Sample: BGO
Run-Type: 2
Gate: 3000 (ns)
Pedestal: 25
Source-Energy: 1.000000 (MeV)
Channel-PE: 1.000000
Run-Time: 180 (Sec)
HV: 1689
Motor-Position: 5 0
Neslab-temp: -1234.0
SR630-temp: -1000.0  -1000.0  -1000.0
T1: T1 0.000000
T2: T2 0.000000
T3: T3 0.000000
T4: T4 0.000000
T5: T5 0.000000
Data:
    0     0     0     0     0     0     0     0     0     0     0     0     0     0     0     0 
    0     0     0     0     0     0     0     0     0     0     0     0     0     0     0     0 
    0     0     0     0     0     0     0     0     0     0     0     0     0     0     0     0 
    0     0     0     0     0     0     0     0     0     0     0     0     0     0     0     0 
    0     0     0     0     0     0     0     0     0     0     0     0     0     0     0     0 
    0     0     0     0     0     0     0     0     0     0     0     0     0     0     0     0 
    0     0     0     0     0     0     0     0     0     0     0     0     0     0     0     0 
    0     0     0     0     0     0     0     0     0     0     0     0     0     0     0     0 
    0     0     0     0     0     0     0     0     0     0     0     0     0     0     0     0 
    0     0     0     0     0     0     0     0     0     0     0     0     0     0     0     0 
    0     0     0     0     0     0     0     0     0     0     0     0     0     0     0     0 
    0     0     0     0     0     0     0     0     0     0     0     0     0     0     0     0 
    0     0     0     0     0     0     0     0     0     0     0     0     0     0     0     0 
    0     0     0     0     0     0     0     0     0     0     0     0     0     0     0     0 
    0     0     0     0     0     0     0     0     0     0     0     0     0     0     0     0 
    0     0     0     0     0     0     0     0     0     0     0     0     0     0     0     0 
    0     0     0     0     0     0     0     0     0     0     0     0     0     0     0     0 
    0     0     0     0     0     0     0     0     0     0     0     0     0     0     0     0 
    0     0     0     0     0     0     0     0     0     0     0     0     0     0     0     0 
    0     0     0     0     0     0     0     0     0     0     0     0     0     0     0     0 
    0     0     0     0     0     0     0     0     0     0     0     0     0     0     0     0 
    0     0     0     0     0     0     0     0     0     0     0     0     0     0     0     0 
    0     0     0     0     0     0     0     0     0     0     0     0     0     0     0     0 
    0     0     0     0     0     0     0     0     0     0     0     0     0     0     0     0 
    0     0     0     0     0     0     0     0     0     0     0     0     0     0     0     0 
    0     0     0     0     0     0     0     0     0     0     0     0     0     0     0     0 
    0     0     0     0     0     0     0     0     0     0     0     0     0     0     0     0 
    0     0     0     0     0     0     0     0     0     0     0     0     0     0     0     0 
    0     0     0     0     0     0     0     0     0     0     0     0     0     0     0     0 
    0     0     0     0     0     0     0     0     0     0     0     0     0     0     0     0 
    0     0     0     0     0     0     0     0     0     0     0     0     0     0     0     0 
    0     0     0     0     0     0     0     0    86  7809  2384   452   178   134   116    93 
   86    87    84    79    63    73    48    67    62    64    59    52    54    69    62    47 
   52    46    61    51    51    55    48    42    44    46    49    46    42    45    51    46 
   40    36    43    44    54    35    38    36    50    54    40    48    33    39    31    35 
   46    42    31    33    51    43    26    42    46    47    34    33    32    48    36    33 
   41    42    34    36    33    29    35    34    28    46    40    31    38    28    27    41 
   32    39    36    36    34    45    32    35    25    25    30    42    31    39    42    40 
   34    31    39    39    32    23    24    30    31    34    41    38    47    34    36    32 
   19    21    32    36    39    35    31    42    33    37    46    24    27    29    32    35 
   36    34    31    29    44    32    31    17    29    33    36    30    31    34    49    31 
   32    43    27    32    29    31    31    25    26    30    29    30    35    23    26    33 
   25    33    19    28    26    31    27    24    27    28    30    21    24    23    33    26 
   38    25    26    16    33    23    27    29    36    28    15    19    27    34    22    28 
   23    26    21    26    28    28    30    19    28    33    23    26    23    23    23    23 
   21    20    23    31    21    28    17    36    19    35    23    18    20    28    32    38 
   18    16    36    30    21    20    31    25    37    24    17    20    16    25    27    25 
   28    21    28    20    18    19    26    28    24    13    26    26    21    19    26    19 
   19    29    17    15    21    21    19     9    22    22    20    24    22    20    21    17 
   26    11    28    26    24    21    20    19    23    25    26    21    23    22    28    17 
   19    25    16    21    23    19    21    22    22    24    22    26    19    29    39    27 
   30    27    33    37    44    28    38    24    52    44    39    56    49    46    43    50 
   63    92    73    69    78    93    97   106   103    95   120   122   134   148   165   146 
  147   167   175   193   215   171   210   254   223   248   242   283   265   248   266   320 
  330   300   352   303   349   387   375   376   388   381   444   432   459   408   413   451 
  404   444   444   448   444   418   455   458   430   423   445   459   454   461   426   470 
  423   413   420   447   414   419   387   365   391   382   411   382   348   319   345   322 
  315   311   298   298   265   286   258   248   244   211   223   217   240   212   183   168 
  158   180   139   144   150   121   128   132   103   134   112    94    90   102   100    98 
   81    69    78    81    71    65    52    69    48    53    43    45    54    41    44    28 
   32    40    26    29    39    27    22    35    16    28    17    16    19    18    18    17 
   16    15    15    14    20    16    14    15    16    13    14    11    13     6    17    10 
    9    14     9     7    14    17    11    12    11     8    10     8     9     9     8    12 
    9    10    12     7    10     9    11     6    11     8     8     9    14     4     9  3885 