>> 01/22/2025 10:53:43
Sample: BGO
Run-Type: 2
Gate: 2000 (ns)
Pedestal: 358
Source-Energy: 1.000000 (MeV)
Channel-PE: 1.000000
Run-Time: 181 (Sec)
HV: 1689
Motor-Position: 5 0
Neslab-temp: -1234.0
SR630-temp: -1000.0  -1000.0  -1000.0
T1: T1 0.000000
T2: T2 0.000000
T3: T3 0.000000
T4: T4 0.000000
T5: T5 0.000000
Data:
    0     0     0     0     0     0     0     0     0     0     0     0     0     0     0     0 
    0     0     0     0     0     0     0     0     0     0     0     0     0     0     0     0 
    0     0     0     0     0     0     0     0     0     0     0     0     0     0     0     0 
    0     0     0     0     0     0     0     0     0     0     0     0     0     0     0     0 
    0     0     0     0     0     0     0     0     0     0     0     0     0     0     0     0 
    0     0     0     0     0     0     0     0     0     0     0     0     0     0     0     0 
    0     0     0     0     0     0     0     0     0     0     0     0     0     0     0     0 
    0     0     0     0     0     0     0     0     0     0     0     0     0     0     0     0 
    0     0     0     0     0     0     0     0     0     0     0     0     0     0     0     0 
    0     0     0     0     0     0     0     0     0     0     0     0     0     0     0     0 
    0     0     0     0     0     0     0     0     0     0     0     0     0     0     0     0 
    0     0     0     0     0     0     0     0     0     0     0     0     0     0     0     0 
    0     0     0     0     0     0     0     0     0     0     0     0     0     0     0     0 
    0     0     0     0     0     0     0     0     0     0     0     0     0     0     0     0 
    0     0     0     0     0     0     0     0     0     0     0     0     0     0     0     0 
    0     0     0     0     0     0     0     0     0     0     0     0     0     0     0     0 
    0     0     0     0     0     0     0     0     0     0     0     0     0     0     0     0 
    0     0     0     0     0     0     0     0     0     0     0     0     0     0     0     0 
    0     0     0     0     0     0     0     0     0     0     0     0     0     0     0     0 
    0     0     0     0     0     0     0     0     0     0     0     0     0     0     0     0 
    0     0     0     0     0     0     0     0     0     0     0     0     0     0     0     0 
    0     0     0     0     0     0     0     0     0     0     0     0     0     0     0     0 
    0     0     0     0     0  1545     7  1251   317   165   121   114   102    83    93    77 
   69    87    78    69    69    63    61    51    68    56    64    54    47    55    55    71 
   44    42    52    43    52    47    44    49    47    46    41    46    53    32    37    48 
   48    39    42    29    39    46    44    46    36    34    50    48    37    39    41    47 
   38    42    39    37    39    37    40    32    30    40    46    35    44    42    45    40 
   38    28    32    22    35    30    35    30    35    41    43    46    29    35    31    27 
   41    32    34    34    31    35    25    30    31    41    35    27    33    35    41    47 
   38    37    37    41    31    30    30    36    38    35    30    38    32    35    31    25 
   23    29    34    35    36    28    27    42    29    34    28    41    45    45    26    24 
   46    32    32    39    18    31    31    24    24    40    33    28    27    26    33    34 
   33    27    43    31    30    32    33    40    22    28    29    24    30    26    36    21 
   19    28    25    33    25    24    36    29    30    24    24    32    26    35    29    22 
   23    16    24    27    20    23    28    17    23    24    19    24    24    26    24    25 
   27    22    26    25    36    23    21    33    20    27    26    28    31    18    27    28 
   18    25    24    17    35    26    26    22    29    23    24    36    29    28    28    23 
   19    29    26    20    22    24    29    25    19    21    22    22    19    29    30    24 
   26    29    23    29    18    28    23    22    20    26    16    23    29    23    23    15 
   24    23    15    30    20    24    29    29    13    22    23    27    14    18    22    24 
   17    22    19    18    19    20    18    18    12    17    19    21    20    17    22    26 
   17    22    20    19    19    19    25    25    23    19    22    33    22    29    29    30 
   32    33    45    26    42    39    34    47    36    51    46    41    36    43    55    54 
   63    67    78    59    61    75    76   103    84   107    99   102   108   122   120   136 
  123   159   149   140   184   170   188   207   184   232   212   210   235   255   233   283 
  273   310   329   321   291   339   322   346   345   357   353   396   425   413   404   409 
  406   443   434   436   474   410   446   464   440   443   464   454   439   442   446   442 
  455   449   461   444   439   431   390   409   432   395   390   373   384   367   396   318 
  309   326   319   327   297   293   311   255   261   274   296   232   231   230   245   212 
  203   193   197   177   167   172   150   138   149   117   138   111   118   123   110   102 
  100    96    83    79    81    76    72    80    56    66    63    48    51    54    39    51 
   28    34    25    45    31    28    41    30    21    21    25    20    17    15    17    23 
   21    17    19    14    16    14    12    14    10    17    17    13    18    17    14    13 
   11    12    11     5    15     8    11     7     8    11    11    12    11     7    10    10 
    8     8     5     6    12    10    12    11     9     6     5    12     9     5     7     8 
    5     7     6     6     9     6     5     2     4     7    10     8     6     9     9     7 
    5     4    10     7    10     4     9     6    10     8     9     9     7     8     9     8 
    4     7    12    11    10     3     2     7     6     7    12     8    10     6     5     2 
    2     2     3     4    10     8     7     5     4     9     7     4     5     6     7    13 
    3     8     8     4     8     8     4     7     8     4     4     7     1     7     7     6 
    4     6     7     5     3     7     9     3     2     3     5     2     1     4     4     2 
    3     2     3     0     1     2     7     2     3     5     7     8     6     5     7     6 
    5     6    10     5     8     1     6     4     2     3     5    10     7     1     1     2 
    4     6     3     0     4     4     4     4     3     2    10     2     6     9     5  3169 
>> 01/22/2025 10:59:11
Sample: BGO
Run-Type: 2
Gate: 2000 (ns)
Pedestal: 358
Source-Energy: 1.000000 (MeV)
Channel-PE: 1.000000
Run-Time: 180 (Sec)
HV: 1689
Motor-Position: 25 0
Neslab-temp: -1234.0
SR630-temp: -1000.0  -1000.0  -1000.0
T1: T1 0.000000
T2: T2 0.000000
T3: T3 0.000000
T4: T4 0.000000
T5: T5 0.000000
Data:
    0     0     0     0     0     0     0     0     0     0     0     0     0     0     0     0 
    0     0     0     0     0     0     0     0     0     0     0     0     0     0     0     0 
    0     0     0     0     0     0     0     0     0     0     0     0     0     0     0     0 
    0     0     0     0     0     0     0     0     0     0     0     0     0     0     0     0 
    0     0     0     0     0     0     0     0     0     0     0     0     0     0     0     0 
    0     0     0     0     0     0     0     0     0     0     0     0     0     0     0     0 
    0     0     0     0     0     0     0     0     0     0     0     0     0     0     0     0 
    0     0     0     0     0     0     0     0     0     0     0     0     0     0     0     0 
    0     0     0     0     0     0     0     0     0     0     0     0     0     0     0     0 
    0     0     0     0     0     0     0     0     0     0     0     0     0     0     0     0 
    0     0     0     0     0     0     0     0     0     0     0     0     0     0     0     0 
    0     0     0     0     0     0     0     0     0     0     0     0     0     0     0     0 
    0     0     0     0     0     0     0     0     0     0     0     0     0     0     0     0 
    0     0     0     0     0     0     0     0     0     0     0     0     0     0     0     0 
    0     0     0     0     0     0     0     0     0     0     0     0     0     0     0     0 
    0     0     0     0     0     0     0     0     0     0     0     0     0     0     0     0 
    0     0     0     0     0     0     0     0     0     0     0     0     0     0     0     0 
    0     0     0     0     0     0     0     0     0     0     0     0     0     0     0     0 
    0     0     0     0     0     0     0     0     0     0     0     0     0     0     0     0 
    0     0     0     0     0     0     0     0     0     0     0     0     0     0     0     0 
    0     0     0     0     0     0     0     0     0     0     0     0     0     0     0     0 
    0     0     0     0     0     0     0     0     0     0     0     0     0     0     0     0 
    0     0     0     0     0  5375 59741  1023   274   143   132   105    97   103    82    77 
   82    86    71    77    66    62    74    71    64    56    74    66    64    52    50    42 
   41    56    61    53    41    63    64    43    56    44    47    52    33    37    53    41 
   33    41    53    38    40    42    53    45    47    47    32    32    40    38    50    46 
   33    36    35    36    34    27    37    41    38    41    27    42    38    35    38    32 
   45    42    28    48    44    36    40    34    20    39    32    31    47    34    36    32 
   32    30    28    34    39    43    37    34    37    37    40    41    47    30    25    44 
   35    34    35    42    30    38    26    30    37    32    35    38    37    31    35    28 
   29    34    33    37    24    36    42    42    34    34    34    30    44    32    42    28 
   29    29    41    36    30    29    27    32    39    32    28    21    38    29    32    25 
   25    20    21    32    36    29    34    22    43    29    32    26    32    29    25    26 
   28    41    33    29    29    29    27    26    29    28    22    30    35    28    29    19 
   25    27    18    20    20    25    23    23    25    25    22    27    20    28    29    27 
   31    26    28    20    33    22    26    24    29    28    30    30    27    29    18    27 
   27    22    29    25    31    30    20    27    33    22    29    22    33    38    31    27 
   24    45    27    29    31    24    28    27    27    18    23    27    27    39    31    26 
   23    28    32    28    24    30    34    27    19    28    32    15    25    18    13    18 
   23    25    28    19    22    20    24    17    22    24    19    24    20    22    21    24 
   25    19    24    28    18    17    20    22    20    27    24    14    24    21    22    24 
   30    30    28    30    31    29    26    26    25    34    35    32    29    25    34    47 
   37    33    37    39    48    58    54    64    47    50    68    73    54    70    71    73 
   96    96    87    96   118   113   118   132   126   145   130   169   163   173   171   183 
  223   198   228   217   230   248   246   229   248   304   304   292   317   333   340   372 
  359   386   391   345   383   441   411   439   455   443   421   458   439   451   441   464 
  491   455   450   468   479   487   517   441   452   457   452   439   440   445   408   455 
  424   417   402   411   378   346   396   400   347   338   344   340   314   306   301   293 
  323   253   256   235   227   239   226   240   219   202   191   195   190   167   155   144 
  166   126   144   137   108   112   118    87    92   106    85    96    79    82    56    72 
   57    52    52    59    62    60    48    47    40    42    27    39    31    28    29    32 
   32    19    28    23    27    24    19    23    19    16    17    16    14    20    17    15 
   12    12    10    12    19    19     9    12    12    13    10    12     7    11    14    13 
   10    12     7     9     8    14     6    12    14     4     8    13     7     8    10    10 
    5    12     8     9    12    13    14     4    11     7     5     6    10     8     8     5 
    8     7     8     8    13     3     8     8    10     7    10    10    11    11     2     8 
   12     6     9    10     7     7     2     8     9    18     7     8    13     9    11    11 
    6     9     5     7     5     6    13     7     3     9     3    12     6     7     4     8 
    5     4     8     4     7     6     6     8     9     6     7     4     8     6     3     4 
    7     8     4     2     2     6     5     2     7     5     8     6     7     2     5     5 
    8     3     6     4     4     4     3     3     4     5     8     4     7    10     5     3 
    3     8     3     5     5     5     8     4     6     3     5     5     4     4     4     5 
    5     4     3     3     6     4     5     2     4     8     4     8     6     7     3     2 
    5     5     3     8     4     4     5     4     3     6     5    10     4     7     5  3529 
>> 01/22/2025 11:06:08
Sample: BGO
Run-Type: 2
Gate: 2000 (ns)
Pedestal: 358
Source-Energy: 1.000000 (MeV)
Channel-PE: 1.000000
Run-Time: 180 (Sec)
HV: 1689
Motor-Position: 45 0
Neslab-temp: -1234.0
SR630-temp: -1000.0  -1000.0  -1000.0
T1: T1 0.000000
T2: T2 0.000000
T3: T3 0.000000
T4: T4 0.000000
T5: T5 0.000000
Data:
    0     0     0     0     0     0     0     0     0     0     0     0     0     0     0     0 
    0     0     0     0     0     0     0     0     0     0     0     0     0     0     0     0 
    0     0     0     0     0     0     0     0     0     0     0     0     0     0     0     0 
    0     0     0     0     0     0     0     0     0     0     0     0     0     0     0     0 
    0     0     0     0     0     0     0     0     0     0     0     0     0     0     0     0 
    0     0     0     0     0     0     0     0     0     0     0     0     0     0     0     0 
    0     0     0     0     0     0     0     0     0     0     0     0     0     0     0     0 
    0     0     0     0     0     0     0     0     0     0     0     0     0     0     0     0 
    0     0     0     0     0     0     0     0     0     0     0     0     0     0     0     0 
    0     0     0     0     0     0     0     0     0     0     0     0     0     0     0     0 
    0     0     0     0     0     0     0     0     0     0     0     0     0     0     0     0 
    0     0     0     0     0     0     0     0     0     0     0     0     0     0     0     0 
    0     0     0     0     0     0     0     0     0     0     0     0     0     0     0     0 
    0     0     0     0     0     0     0     0     0     0     0     0     0     0     0     0 
    0     0     0     0     0     0     0     0     0     0     0     0     0     0     0     0 
    0     0     0     0     0     0     0     0     0     0     0     0     0     0     0     0 
    0     0     0     0     0     0     0     0     0     0     0     0     0     0     0     0 
    0     0     0     0     0     0     0     0     0     0     0     0     0     0     0     0 
    0     0     0     0     0     0     0     0     0     0     0     0     0     0     0     0 
    0     0     0     0     0     0     0     0     0     0     0     0     0     0     0     0 
    0     0     0     0     0     0     0     0     0     0     0     0     0     0     0     0 
    0     0     0     0     0     0     0     0     0     0     0     0     0     0     0     0 
    0     0     0     0     0  2557 63447   916   276   147   129   121    88   105    83    81 
   78    70    78    74    70    57    72    54    57    65    60    58    63    55    53    43 
   60    57    58    60    65    42    52    61    45    52    34    47    40    42    44    39 
   48    32    45    44    48    47    45    31    34    37    46    40    32    34    45    32 
   34    33    28    35    34    43    48    39    44    36    42    42    32    36    31    38 
   37    46    28    40    35    30    40    37    46    29    39    25    29    43    31    34 
   37    29    29    38    41    25    31    38    29    34    33    35    35    44    25    32 
   38    28    38    32    41    29    27    27    35    26    35    35    33    32    43    26 
   29    26    26    39    41    30    28    40    32    31    30    36    20    39    43    39 
   39    25    31    17    26    28    28    31    41    32    43    30    28    23    26    30 
   23    35    42    31    30    32    23    32    22    31    24    28    31    22    29    21 
   34    35    28    32    26    27    23    27    30    28    19    35    22    31    31    28 
   32    25    21    29    27    29    29    29    40    28    29    21    26    24    18    23 
   29    25    32    39    25    16    38    29    21    27    24    23    26    24    23    31 
   28    20    22    26    26    26    23    27    39    31    27    37    27    36    28    14 
   25    31    37    31    21    24    25    28    24    29    28    30    21    24    20    33 
   34    31    28    31    20    33    28    36    21    25    14    23    25    19    23    33 
   23    19    26    15    29    21    19    28    26    24    22    30    18    11    23    14 
   23    19    20    19    31    16    25    30    27    24    29    19    19    24    25    23 
   18    28    32    23    33    28    27    28    38    35    30    45    49    32    46    51 
   37    46    44    48    46    62    49    67    79    82    61    85    83    75    85    95 
   84    91   109   110    99   138   127   135   126   138   180   152   180   203   199   206 
  211   227   279   247   290   249   304   309   301   288   319   356   341   343   390   351 
  398   366   407   434   407   436   421   460   420   488   438   456   497   456   483   455 
  451   443   485   489   433   490   446   459   460   487   466   417   434   460   451   374 
  388   371   392   369   356   361   349   328   322   322   332   285   284   284   255   252 
  260   253   260   229   211   202   220   194   176   162   168   179   136   146   161   136 
  143   136   110   110   105    97    89    91    84    76    85    73    68    71    54    57 
   55    59    45    42    44    40    31    42    36    35    29    33    27    24    29    28 
   28    27    29    19    20    21    21    16    14    17    14    18    12    10    19    12 
   11    25    13    20    16    13    14     7    11    15    14     8    19    15    16    13 
   15     7    10     9    19     6    12    11    10     7     8     5    10     8    11    12 
    9     9     9     7     9     8    10     8    12    15     6    10    17    16     9    15 
    5    12    11     6     9     7    15    16     6     3    13    10     4     2     7     8 
   12     7     9    10    11     9    10     8    13     6     6     9     7    10    10     9 
    9    10     8     8    10     8     8    12     9     8     8    10     8     6     5     9 
    8     9     6     3     5     6     6     8     6     6     7     5     6     7     6     6 
   10     8     4     5     5     9     4    12     1     5     9     5     3     8     4     5 
    3     6     6     4     4    10     4     6     5     4     5     3    11     3     3     5 
    6     8     6     7     7     4     4     5    12     4     7     7     5     6     6     2 
    7     3     6     8     5     4     3     5     4     5     9     4     5     6     7     1 
    4     1     6     3     3     9     4     8    13     2     3     8     6     3     8  3819 
>> 01/22/2025 11:10:36
Sample: BGO
Run-Type: 2
Gate: 2000 (ns)
Pedestal: 358
Source-Energy: 1.000000 (MeV)
Channel-PE: 1.000000
Run-Time: 180 (Sec)
HV: 1689
Motor-Position: 65 0
Neslab-temp: -1234.0
SR630-temp: -1000.0  -1000.0  -1000.0
T1: T1 0.000000
T2: T2 0.000000
T3: T3 0.000000
T4: T4 0.000000
T5: T5 0.000000
Data:
    0     0     0     0     0     0     0     0     0     0     0     0     0     0     0     0 
    0     0     0     0     0     0     0     0     0     0     0     0     0     0     0     0 
    0     0     0     0     0     0     0     0     0     0     0     0     0     0     0     0 
    0     0     0     0     0     0     0     0     0     0     0     0     0     0     0     0 
    0     0     0     0     0     0     0     0     0     0     0     0     0     0     0     0 
    0     0     0     0     0     0     0     0     0     0     0     0     0     0     0     0 
    0     0     0     0     0     0     0     0     0     0     0     0     0     0     0     0 
    0     0     0     0     0     0     0     0     0     0     0     0     0     0     0     0 
    0     0     0     0     0     0     0     0     0     0     0     0     0     0     0     0 
    0     0     0     0     0     0     0     0     0     0     0     0     0     0     0     0 
    0     0     0     0     0     0     0     0     0     0     0     0     0     0     0     0 
    0     0     0     0     0     0     0     0     0     0     0     0     0     0     0     0 
    0     0     0     0     0     0     0     0     0     0     0     0     0     0     0     0 
    0     0     0     0     0     0     0     0     0     0     0     0     0     0     0     0 
    0     0     0     0     0     0     0     0     0     0     0     0     0     0     0     0 
    0     0     0     0     0     0     0     0     0     0     0     0     0     0     0     0 
    0     0     0     0     0     0     0     0     0     0     0     0     0     0     0     0 
    0     0     0     0     0     0     0     0     0     0     0     0     0     0     0     0 
    0     0     0     0     0     0     0     0     0     0     0     0     0     0     0     0 
    0     0     0     0     0     0     0     0     0     0     0     0     0     0     0     0 
    0     0     0     0     0     0     0     0     0     0     0     0     0     0     0     0 
    0     0     0     0     0     0     0     0     0     0     0     0     0     0     0     0 
    0     0     0     0     0  7037 58920   832   247   162   152   113    96   102    66   101 
   88    79    67    68    60    69    44    49    63    61    57    53    53    55    55    63 
   67    58    53    52    49    62    56    54    38    46    38    47    40    38    43    58 
   46    43    59    55    47    37    38    37    45    43    37    44    33    40    49    58 
   45    36    47    40    46    29    35    33    42    34    24    40    38    21    31    31 
   40    34    35    43    36    31    28    39    29    36    34    36    43    47    28    29 
   31    34    26    34    40    45    29    28    37    33    30    31    31    22    31    25 
   29    28    37    22    39    41    38    31    32    40    42    37    41    22    40    32 
   29    40    37    36    32    39    42    32    30    39    33    39    36    36    20    35 
   41    30    34    39    36    25    36    30    40    36    33    26    29    37    40    37 
   38    31    33    35    32    31    33    33    26    25    33    17    41    28    37    38 
   36    18    22    29    23    23    23    26    28    34    20    27    25    29    33    33 
   26    22    26    31    35    26    23    39    28    31    24    32    20    32    19    26 
   21    37    21    30    33    27    26    29    27    41    25    32    22    32    29    30 
   21    26    32    24    24    21    30    27    22    28    27    33    26    25    39    43 
   25    22    24    23    25    25    14    15    40    22    29    27    27    14    26    23 
   29    28    20    27    24    26    17    19    22    26    22    20    25    21    33    23 
   18    20    37    19    15    20    19    17    25    26    22    26    24    23    22    23 
   26    23    25    20    21    27    21    23    27    20    22    26    30    29    29    27 
   21    21    28    27    26    21    37    34    31    40    38    30    49    41    43    39 
   42    47    60    64    40    63    73    66    70    75    74    77    97    98    94   101 
  105   109   112   121   127   145   170   150   194   172   182   215   185   200   214   200 
  241   251   258   295   276   276   302   306   295   338   340   308   359   389   414   404 
  380   405   416   435   460   449   449   451   453   475   455   486   439   493   486   512 
  459   497   452   484   459   469   468   453   456   438   392   434   421   414   414   389 
  409   369   384   419   366   343   341   309   293   314   314   272   294   286   259   255 
  229   239   218   219   230   199   185   184   161   185   162   167   156   131   121   123 
  117   122    96   104    99    91    85    99    89    82    80    74    56    63    52    42 
   45    46    40    32    53    47    39    30    31    26    30    20    18    27    22    22 
   17    27    15    18    22    19     9    21    28    19    16    16    11    18    18    18 
   12     7     8    11    14     7    13    15    17    11    13    11     8    14    11    13 
   12    16     9    12    16     5    12    13    13    19    15    10     8     6     6    10 
    8     7    13    11     9    11     9     9    13     5     9    12     9     7     5     9 
    6    10    12    12    12    11     8    11     8    10    10     6    10     7     7    11 
    6     8     7     7    10    11     8    10     6     7     7    12     8     6    10    11 
    8     4     8    11     8     9    12     8     6     7     3     5     6    15    12     7 
    2     4    11     6     6    10     7     5     7    13     7     6     4     3    10     4 
    5     4     4     5     7     3     7     1     5     9     3     7     6     9     9     5 
    7    13     7     9     6     5     2     3     3     4     4     4     6     6     5     3 
    5     1     3     5     9     9     5     2     5     7     3     6     7     5     7     5 
    3     2     6     5     6     5     6     7     7     4     6     2     6     7     3     3 
    2     3     4     5     6     5     6     6     7     1     9     8     5     5     5  3856 
>> 01/22/2025 11:14:32
Sample: BGO
Run-Type: 2
Gate: 2000 (ns)
Pedestal: 358
Source-Energy: 1.000000 (MeV)
Channel-PE: 1.000000
Run-Time: 180 (Sec)
HV: 1689
Motor-Position: 85 0
Neslab-temp: -1234.0
SR630-temp: -1000.0  -1000.0  -1000.0
T1: T1 0.000000
T2: T2 0.000000
T3: T3 0.000000
T4: T4 0.000000
T5: T5 0.000000
Data:
    0     0     0     0     0     0     0     0     0     0     0     0     0     0     0     0 
    0     0     0     0     0     0     0     0     0     0     0     0     0     0     0     0 
    0     0     0     0     0     0     0     0     0     0     0     0     0     0     0     0 
    0     0     0     0     0     0     0     0     0     0     0     0     0     0     0     0 
    0     0     0     0     0     0     0     0     0     0     0     0     0     0     0     0 
    0     0     0     0     0     0     0     0     0     0     0     0     0     0     0     0 
    0     0     0     0     0     0     0     0     0     0     0     0     0     0     0     0 
    0     0     0     0     0     0     0     0     0     0     0     0     0     0     0     0 
    0     0     0     0     0     0     0     0     0     0     0     0     0     0     0     0 
    0     0     0     0     0     0     0     0     0     0     0     0     0     0     0     0 
    0     0     0     0     0     0     0     0     0     0     0     0     0     0     0     0 
    0     0     0     0     0     0     0     0     0     0     0     0     0     0     0     0 
    0     0     0     0     0     0     0     0     0     0     0     0     0     0     0     0 
    0     0     0     0     0     0     0     0     0     0     0     0     0     0     0     0 
    0     0     0     0     0     0     0     0     0     0     0     0     0     0     0     0 
    0     0     0     0     0     0     0     0     0     0     0     0     0     0     0     0 
    0     0     0     0     0     0     0     0     0     0     0     0     0     0     0     0 
    0     0     0     0     0     0     0     0     0     0     0     0     0     0     0     0 
    0     0     0     0     0     0     0     0     0     0     0     0     0     0     0     0 
    0     0     0     0     0     0     0     0     0     0     0     0     0     0     0     0 
    0     0     0     0     0     0     0     0     0     0     0     0     0     0     0     0 
    0     0     0     0     0     0     0     0     0     0     0     0     0     0     0     0 
    0     0     0     0     0 12745 54114   723   227   151   119    94    98    86   106    74 
   83    63    71    59    67    60    70    77    56    45    57    73    62    56    54    62 
   46    50    38    45    59    39    53    36    41    37    61    37    56    36    45    42 
   38    40    45    40    46    38    38    45    37    48    47    39    42    45    58    49 
   41    39    34    42    40    36    49    40    31    37    42    35    48    37    29    39 
   42    45    31    33    29    34    32    35    25    38    35    27    28    40    35    33 
   30    27    20    27    32    25    33    37    36    30    33    40    34    37    31    32 
   31    35    33    27    38    34    24    27    28    31    42    34    25    30    36    27 
   28    37    31    23    28    30    33    34    35    41    38    33    26    22    25    19 
   35    31    32    31    31    31    37    39    31    33    28    33    37    32    32    38 
   27    23    31    26    27    23    30    33    26    25    29    31    21    26    24    30 
   28    26    22    30    24    24    30    28    21    31    27    27    27    26    29    16 
   26    31    25    35    35    30    19    24    28    20    24    25    25    29    37    25 
   33    14    29    25    33    30    19    25    17    30    24    26    29    20    30    28 
   27    30    29    27    23    24    32    26    31    26    31    26    36    33    31    27 
   28    23    36    34    32    28    28    33    25    19    25    27    17    21    23    21 
   20    29    30    21    32    23    25    27    35    22    20    19    22    23    27    26 
   20    15    24    15    23    23    25    24    18    17    18    19    17    24    21    26 
   24    17    23    16    31    26    19    24    22    29    26    24    25    22    20    18 
   25    30    37    25    30    35    22    29    33    36    29    36    36    42    31    45 
   37    50    42    47    51    51    57    47    59    66    68    70    79    87    81    82 
   92    90   113   112   130   123   126   139   164   162   191   187   190   187   202   235 
  218   240   227   276   295   295   272   296   344   339   344   331   374   370   382   400 
  411   456   407   415   398   420   448   466   469   475   446   445   461   481   477   494 
  459   507   446   474   466   468   455   428   446   459   420   468   403   397   385   413 
  394   354   377   382   330   362   329   379   346   335   286   303   268   273   266   262 
  239   235   208   228   207   165   192   200   199   184   181   170   148   119   125   127 
  136   107   115    95    97    96    93    92    84    75    69    79    60    47    59    60 
   52    46    36    55    50    43    41    57    30    24    30    38    30    36    27    25 
   26    24    23    25    19    21    19    21    23    21     8    19    19    17    15    10 
    9    18    16     9    13    24    11    13    19    11    12    15     9     9     5     3 
   12     8     6     9     6    13     8     9    13     7    10    12    12     7    10     7 
    7     3     8    11    14    11    10    10     7    12    14    13     8    15    11     5 
    8     9    11    11    10     7     6    11     9    10     3    12     6    13    16     6 
    4     3     8    10     9     6     4    10     7     5    11    11     7    11     7     6 
    9     7     4     7     8    12     9    11     5     9     4     7    10     9     3     9 
    9     5     9     7     8     5     2     7     7     4     2     7     4     5     7     7 
    6     4     2     4     4     3     3     4     7     4     4     4     6     5     2     9 
    7     5     5     7     4     5     2     8     6     7     6     5    10     5     9     5 
    6     4     5     6     7     3     4     4     6     4     5     5     5     1     2     7 
    7     5     4     6    10     0     2     7     4     6    10     6     4     6     6     5 
    9     3     6     1     9     6     4     6     5     6     6     1     4     5     5  3823 
>> 01/22/2025 11:18:36
Sample: BGO
Run-Type: 2
Gate: 2000 (ns)
Pedestal: 358
Source-Energy: 1.000000 (MeV)
Channel-PE: 1.000000
Run-Time: 179 (Sec)
HV: 1689
Motor-Position: 105 0
Neslab-temp: -1234.0
SR630-temp: -1000.0  -1000.0  -1000.0
T1: T1 0.000000
T2: T2 0.000000
T3: T3 0.000000
T4: T4 0.000000
T5: T5 0.000000
Data:
    0     0     0     0     0     0     0     0     0     0     0     0     0     0     0     0 
    0     0     0     0     0     0     0     0     0     0     0     0     0     0     0     0 
    0     0     0     0     0     0     0     0     0     0     0     0     0     0     0     0 
    0     0     0     0     0     0     0     0     0     0     0     0     0     0     0     0 
    0     0     0     0     0     0     0     0     0     0     0     0     0     0     0     0 
    0     0     0     0     0     0     0     0     0     0     0     0     0     0     0     0 
    0     0     0     0     0     0     0     0     0     0     0     0     0     0     0     0 
    0     0     0     0     0     0     0     0     0     0     0     0     0     0     0     0 
    0     0     0     0     0     0     0     0     0     0     0     0     0     0     0     0 
    0     0     0     0     0     0     0     0     0     0     0     0     0     0     0     0 
    0     0     0     0     0     0     0     0     0     0     0     0     0     0     0     0 
    0     0     0     0     0     0     0     0     0     0     0     0     0     0     0     0 
    0     0     0     0     0     0     0     0     0     0     0     0     0     0     0     0 
    0     0     0     0     0     0     0     0     0     0     0     0     0     0     0     0 
    0     0     0     0     0     0     0     0     0     0     0     0     0     0     0     0 
    0     0     0     0     0     0     0     0     0     0     0     0     0     0     0     0 
    0     0     0     0     0     0     0     0     0     0     0     0     0     0     0     0 
    0     0     0     0     0     0     0     0     0     0     0     0     0     0     0     0 
    0     0     0     0     0     0     0     0     0     0     0     0     0     0     0     0 
    0     0     0     0     0     0     0     0     0     0     0     0     0     0     0     0 
    0     0     0     0     0     0     0     0     0     0     0     0     0     0     0     0 
    0     0     0     0     0     0     0     0     0     0     0     0     0     0     0     0 
    0     0     0     0     0  8044 58948   768   224   162   122    85    93    80    80    67 
   55    70    57    67    57    72    56    60    68    71    54    51    55    67    40    45 
   51    51    48    57    43    43    44    40    42    44    47    49    41    42    32    38 
   36    34    46    47    36    41    39    41    36    53    53    41    31    48    39    39 
   42    44    30    39    39    35    37    37    34    48    36    40    31    39    40    31 
   37    36    35    48    36    46    30    43    40    27    42    26    42    41    31    28 
   40    36    30    45    41    40    36    37    32    35    38    23    22    27    28    34 
   24    36    31    38    37    34    33    36    34    38    35    31    26    40    37    37 
   39    26    24    31    34    27    31    23    33    34    41    32    30    27    31    38 
   27    23    30    31    24    29    33    27    46    33    28    33    27    41    37    38 
   33    29    32    31    34    32    30    28    28    19    26    21    23    36    22    18 
   26    38    23    32    20    25    18    23    30    30    18    17    35    16    22    32 
   23    30    25    24    23    32    28    18    23    22    23    24    22    27    24    23 
   20    16    18    18    22    27    30    28    25    33    29    24    23    20    18    33 
   31    32    22    26    26    22    26    25    26    26    37    19    31    22    21    26 
   26    36    27    32    27    26    30    30    17    24    22    27    24    19    32    40 
   13    19    25    31    20    30    24    22    23    20    21    19    24    19    22    13 
   29    22    22    19    22    25    24    24    20    20    18    27    25    21    23    25 
   20    20    20    18    17    20    29    17    29    19    21    29    13    27    22    22 
   24    27    26    23    28    18    32    25    32    24    31    32    23    44    31    29 
   46    38    35    42    44    50    49    61    56    50    60    58    79    77    68    79 
   92   113    85   110   107   107   116   125   152   118   144   171   165   169   171   198 
  194   197   200   211   218   258   253   253   273   279   315   316   306   331   338   352 
  337   379   368   371   397   415   428   429   457   454   460   461   477   458   458   482 
  457   480   475   483   455   414   488   482   474   452   458   456   448   394   435   455 
  417   453   436   400   387   403   390   356   358   361   345   325   304   300   320   254 
  304   296   273   270   243   233   235   199   236   197   222   195   171   162   152   165 
  175   146   113   101   126    99   125    92   107    82    85    82    64    77    71    85 
   59    72    62    52    49    44    49    49    42    32    33    40    34    29    38    24 
   16    24    31    15    28    29    20    14    14    14    24    16    13    12     7    16 
   14    16    16    13     9    13    15     8    20    16     9    12    11    20     9    19 
    7    12     7     9     8     8     9    10    11    10     7    12    11    10    10     6 
    4     8    10    10     9     9    11     7    14     8    11     7     7    13    15    11 
   13     9     6    12    13     6    12    17     7    14     8     8     7    10     9     5 
    8     7    11     9     7     8     6     7     8     6     6    13     6     9     6    10 
    9     9    14     6    10     6     5     7     5     7     6     9     8     4     7     8 
    9     2     8     9     6    10     9     8     9     6     9     9     7     4    14     5 
    6     3     7     5     4     7    10     6     4     5     6    11     5     6     5     5 
    4     1     5     3     5     8     4     3     7     7     6     3     5     5     5     5 
    5     3     3     5     6     5     3     4     4     4     9     4     1     3     5     2 
    5     5     4     7     2     7     7     3     7     5     4     6     4     5     3     6 
    2     4     9     2     2     2     3     5     5     4     5     5     4     7     2  3522 
>> 01/22/2025 11:22:42
Sample: BGO
Run-Type: 2
Gate: 2000 (ns)
Pedestal: 358
Source-Energy: 1.000000 (MeV)
Channel-PE: 1.000000
Run-Time: 180 (Sec)
HV: 1689
Motor-Position: 125 0
Neslab-temp: -1234.0
SR630-temp: -1000.0  -1000.0  -1000.0
T1: T1 0.000000
T2: T2 0.000000
T3: T3 0.000000
T4: T4 0.000000
T5: T5 0.000000
Data:
    0     0     0     0     0     0     0     0     0     0     0     0     0     0     0     0 
    0     0     0     0     0     0     0     0     0     0     0     0     0     0     0     0 
    0     0     0     0     0     0     0     0     0     0     0     0     0     0     0     0 
    0     0     0     0     0     0     0     0     0     0     0     0     0     0     0     0 
    0     0     0     0     0     0     0     0     0     0     0     0     0     0     0     0 
    0     0     0     0     0     0     0     0     0     0     0     0     0     0     0     0 
    0     0     0     0     0     0     0     0     0     0     0     0     0     0     0     0 
    0     0     0     0     0     0     0     0     0     0     0     0     0     0     0     0 
    0     0     0     0     0     0     0     0     0     0     0     0     0     0     0     0 
    0     0     0     0     0     0     0     0     0     0     0     0     0     0     0     0 
    0     0     0     0     0     0     0     0     0     0     0     0     0     0     0     0 
    0     0     0     0     0     0     0     0     0     0     0     0     0     0     0     0 
    0     0     0     0     0     0     0     0     0     0     0     0     0     0     0     0 
    0     0     0     0     0     0     0     0     0     0     0     0     0     0     0     0 
    0     0     0     0     0     0     0     0     0     0     0     0     0     0     0     0 
    0     0     0     0     0     0     0     0     0     0     0     0     0     0     0     0 
    0     0     0     0     0     0     0     0     0     0     0     0     0     0     0     0 
    0     0     0     0     0     0     0     0     0     0     0     0     0     0     0     0 
    0     0     0     0     0     0     0     0     0     0     0     0     0     0     0     0 
    0     0     0     0     0     0     0     0     0     0     0     0     0     0     0     0 
    0     0     0     0     0     0     0     0     0     0     0     0     0     0     0     0 
    0     0     0     0     0     0     0     0     0     0     0     0     0     0     0     0 
    0     0     0     0     0 13230 56089   661   198   134   111   101    83    81    76    75 
   75    71    58    77    60    63    48    48    41    60    45    59    57    47    48    55 
   51    54    58    44    56    46    42    44    47    47    32    53    46    60    31    39 
   40    50    45    53    33    33    35    40    36    39    49    49    41    41    45    39 
   40    32    33    34    40    39    47    35    26    41    42    36    44    27    36    44 
   38    36    23    43    39    33    35    35    32    41    34    38    29    35    39    38 
   31    29    32    24    35    37    31    30    27    40    32    35    30    37    35    31 
   26    37    36    31    38    27    34    34    29    33    25    27    35    29    30    35 
   24    32    34    31    25    32    33    27    24    34    34    29    40    33    25    37 
   34    26    32    34    27    31    32    30    31    27    26    28    30    18    27    35 
   21    21    24    24    24    25    22    31    26    20    28    28    26    22    29    24 
   17    24    22    14    30    17    26    20    31    16    23    39    17    18    31    22 
   25    30    21    20    34    21    16    22    28    28    31    22    18    13    29    21 
   19    23    26    25    22    36    37    24    31    32    19    28    21    26    21    23 
   17    24    21    18    23    33    33    35    19    24    26    16    26    29    32    28 
   21    21    20    18    35    28    27    31    20    24    24    33    23    25    27    27 
   22    19    23    30    27    26    33    15    23    19    18    18    29    25    23    15 
   15    17    28    16    29    21    17    34    20    18    20    20    24    27    26    21 
   25    19    16    24    14    11    19    18    18    19    17    16    24    13    27    18 
   19    15    21    26    23    32    13     9    31    18    23    21    19    28    30    35 
   27    36    22    24    36    34    27    40    40    39    41    43    37    44    53    52 
   50    62    60    55    78    75    73    78    92    85   101   106   105   104   111   130 
  123   131   148   154   167   181   176   187   215   192   221   217   248   248   251   259 
  266   266   265   338   331   347   325   338   374   367   345   331   352   412   410   412 
  419   427   421   443   439   463   457   432   444   464   465   432   464   473   453   464 
  446   420   447   436   433   442   428   424   394   402   413   349   351   377   316   354 
  362   340   340   337   311   279   323   261   279   233   243   243   260   210   216   236 
  212   218   167   192   175   151   169   133   148   112   134   128   121   116   117    80 
  122    92    97    79    83    85    77    63    46    53    59    42    50    47    46    45 
   30    40    39    38    33    28    28    25    18    28    23    20    26    22    16    27 
   16    17    28     8    11    12    10    12    15    14    11    13    13     9     7    12 
    8     8    17     8    10    11     6     9    14    13     8     6    10     8     9     7 
    7     5     5     7    10     8     8    11     9    10    10     4     7     3    13     7 
   13     4     9     5     8     7     4     2    12     8     3     4     6     2     9    11 
    6     9     7     3     6     3     4     7     5     2     6    10    11     8     7     7 
   10     6     5     8     7     3     7     5     8     9     8     4     6     9     4     2 
    9     7     7     5     5     4     9     5     6     5     4     6    10     6     9    11 
    7     4     7     9     7     2     9     6     2     8     6     5     2     4     0    11 
    7     4     4     8     4     4     4     3     6     5     5     4     6     4     3     4 
    4     6     4     3     7     5     3     5     5     2     4     6     5     3     8     5 
    4     2     7     9     3     6     5     3     4     2     9     2     6     3     6     4 
    0     3     2     3     7     4     5     4     3     6     4     5     4     3     4  3104 
