>> 02/05/2025 14:54:28
Sample: BGO
Run-Type: 2
Gate: 2000 (ns)
Pedestal: 504
Source-Energy: 1.000000 (MeV)
Channel-PE: 1.000000
Run-Time: 181 (Sec)
HV: 1689
Motor-Position: 5 0
Neslab-temp: -1234.0
SR630-temp: -1000.0  -1000.0  -1000.0
T1: T1 0.000000
T2: T2 0.000000
T3: T3 0.000000
T4: T4 0.000000
T5: T5 0.000000
Data:
    0     0     0     0     0     0     0     0     0     0     0     0     0     0     0     0 
    0     0     0     0     0     0     0     0     0     0     0     0     0     0     0     0 
    0     0     0     0     0     0     0     0     0     0     0     0     0     0     0     0 
    0     0     0     0     0     0     0     0     0     0     0     0     0     0     0     0 
    0     0     0     0     0     0     0     0     0     0     0     0     0     0     0     0 
    0     0     0     0     0     0     0     0     0     0     0     0     0     0     0     0 
    0     0     0     0     0     0     0     0     0     0     0     0     0     0     0     0 
    0     0     0     0     0     0     0     0     0     0     0     0     0     0     0     0 
    0     0     0     0     0     0     0     0     0     0     0     0     0     0     0     0 
    0     0     0     0     0     0     0     0     0     0     0     0     0     0     0     0 
    0     0     0     0     0     0     0     0     0     0     0     0     0     0     0     0 
    0     0     0     0     0     0     0     0     0     0     0     0     0     0     0     0 
    0     0     0     0     0     0     0     0     0     0     0     0     0     0     0     0 
    0     0     0     0     0     0     0     0     0     0     0     0     0     0     0     0 
    0     0     0     0     0     0     0     0     0     0     0     0     0     0     0     0 
    0     0     0     0     0     0     0     0     0     0     0     0     0     0     0     0 
    0     0     0     0     0     0     0     0     0     0     0     0     0     0     0     0 
    0     0     0     0     0     0     0     0     0     0     0     0     0     0     0     0 
    0     0     0     0     0     0     0     0     0     0     0     0     0     0     0     0 
    0     0     0     0     0     0     0     0     0     0     0     0     0     0     0     0 
    0     0     0     0     0     0     0     0     0     0     0     0     0     0     0     0 
    0     0     0     0     0     0     0     0     0     0     0     0     0     0     0     0 
    0     0     0     0     0 20856 59560   587   241   181   124   118    83    70    83    75 
   83    68    64    74    53    47    62    67    53    49    63    59    54    47    50    49 
   45    50    43    47    44    52    39    50    46    45    31    34    38    53    44    40 
   46    46    46    35    41    53    40    32    38    42    43    40    37    43    26    30 
   27    36    29    30    30    34    31    35    39    35    33    37    36    32    35    38 
   34    40    34    34    35    34    35    29    35    30    39    34    36    29    39    41 
   20    35    37    34    35    27    38    30    41    39    31    28    30    48    31    29 
   35    29    34    40    25    31    35    36    36    36    26    23    37    40    32    29 
   26    28    25    42    26    34    29    29    33    44    36    38    34    41    22    35 
   31    30    36    21    26    32    20    29    23    26    31    29    32    26    32    36 
   29    26    31    20    29    35    36    41    32    31    33    27    33    24    21    27 
   28    23    31    17    23    29    27    23    31    19    21    29    23    16    26    23 
   22    26    29    24    29    26    21    22    36    32    22    25    26    29    21    25 
   24    18    21    25    32    26    28    27    27    22    25    28    23    19    15    28 
   25    32    21    29    23    23    29    30    28    29    21    26    27    21    24    25 
   36    21    25    25    27    33    29    26    30    19    15    28    19    26    21    17 
   19    30    35    23    23    20    27    23    14    12    27    22    20    20    24    22 
   26    17    26    20    28    17    14    20    23    19    20    14    21    19    16     8 
   22    19    22    19    15    16    21    17    17    25    16    15    20    18    12    19 
   27    27    16    18    18    18    22    15    30    25    20    28    37    23    30    21 
   32    37    33    29    24    36    46    43    50    41    50    38    52    59    58    65 
   44    59    58    82    68    84    95    80   110   108   129   122   116   128   155   164 
  141   178   209   176   174   187   202   209   220   238   259   227   251   282   282   301 
  261   304   312   297   359   332   363   342   384   395   387   416   425   431   416   455 
  430   423   460   461   426   442   434   438   420   459   415   433   415   420   443   370 
  458   374   449   395   377   428   415   381   373   400   342   352   347   310   323   316 
  309   300   285   263   277   256   240   254   237   225   214   198   210   204   210   159 
  175   175   167   158   146   146   117   138   133   117   119   109   107    87   114    84 
   83    73    82    55    67    70    68    59    53    52    50    50    44    36    35    39 
   41    28    29    20    16    31    22    19    23    18    27    17    16    20     9    14 
   12    15    16    14    20    10     5    15     8     8     9    18     6     5    10     7 
    9    12    10     7     5    10     7    12     8    13     8     9     7    10     7    16 
    8    11     9     5     6     6     6     6     9     9     8     9     6     6     8     7 
    8     7     6     5     7     5     8     8     3     6     8    11     5     6     5     6 
    6     9     8     7    10     5    14     5     7     7     5     7     7     2     4     6 
    8     7     7    10     8     7     4     8     6     2     8     2     6     4     4     4 
    6     8    11     4     5     9     5     8     4     4     3     5     4     2     2     3 
   10     3     3     6     5     3     3     5     3     0     1     5     7     1     5     3 
    2     6     3     3     8     2     7     5     2     5     2     2     6     4     6     3 
    5     4     3     9     4     4     4     5     5     3     1     2     6     7     4     3 
    3     3     5     4     2     3     2     7     4     4     4     4     5     4     0     1 
    6     5     4     4     1     5     4     5     5     4     1     1     8     8     4  2597 
>> 02/05/2025 15:00:35
Sample: BGO
Run-Type: 2
Gate: 2000 (ns)
Pedestal: 504
Source-Energy: 1.000000 (MeV)
Channel-PE: 1.000000
Run-Time: 180 (Sec)
HV: 1689
Motor-Position: 25 0
Neslab-temp: -1234.0
SR630-temp: -1000.0  -1000.0  -1000.0
T1: T1 0.000000
T2: T2 0.000000
T3: T3 0.000000
T4: T4 0.000000
T5: T5 0.000000
Data:
    0     0     0     0     0     0     0     0     0     0     0     0     0     0     0     0 
    0     0     0     0     0     0     0     0     0     0     0     0     0     0     0     0 
    0     0     0     0     0     0     0     0     0     0     0     0     0     0     0     0 
    0     0     0     0     0     0     0     0     0     0     0     0     0     0     0     0 
    0     0     0     0     0     0     0     0     0     0     0     0     0     0     0     0 
    0     0     0     0     0     0     0     0     0     0     0     0     0     0     0     0 
    0     0     0     0     0     0     0     0     0     0     0     0     0     0     0     0 
    0     0     0     0     0     0     0     0     0     0     0     0     0     0     0     0 
    0     0     0     0     0     0     0     0     0     0     0     0     0     0     0     0 
    0     0     0     0     0     0     0     0     0     0     0     0     0     0     0     0 
    0     0     0     0     0     0     0     0     0     0     0     0     0     0     0     0 
    0     0     0     0     0     0     0     0     0     0     0     0     0     0     0     0 
    0     0     0     0     0     0     0     0     0     0     0     0     0     0     0     0 
    0     0     0     0     0     0     0     0     0     0     0     0     0     0     0     0 
    0     0     0     0     0     0     0     0     0     0     0     0     0     0     0     0 
    0     0     0     0     0     0     0     0     0     0     0     0     0     0     0     0 
    0     0     0     0     0     0     0     0     0     0     0     0     0     0     0     0 
    0     0     0     0     0     0     0     0     0     0     0     0     0     0     0     0 
    0     0     0     0     0     0     0     0     0     0     0     0     0     0     0     0 
    0     0     0     0     0     0     0     0     0     0     0     0     0     0     0     0 
    0     0     0     0     0     0     0     0     0     0     0     0     0     0     0     0 
    0     0     0     0     0     0     0     0     0     0     0     0     0     0     0     0 
    0     0     0     0     0 34153 45368   518   217   152   122   108   101   108    74    82 
   75    65    90    92    78    80    57    68    69    50    54    68    58    41    52    52 
   47    59    61    47    53    42    44    49    39    59    48    45    45    41    41    53 
   40    41    48    37    41    39    46    35    32    38    35    34    54    32    42    32 
   42    34    30    31    31    30    45    41    47    40    44    36    44    49    44    38 
   44    40    31    46    47    30    39    30    31    32    38    39    33    31    29    36 
   29    38    37    36    29    37    39    33    34    29    31    29    29    25    27    32 
   36    34    37    33    39    35    30    33    38    23    42    40    37    32    32    28 
   30    19    26    36    30    23    35    36    31    33    36    30    28    36    25    38 
   36    33    29    30    32    33    33    23    42    35    39    28    34    28    33    27 
   25    25    18    25    25    38    31    33    36    35    28    29    21    24    31    22 
   30    31    35    32    34    26    20    21    26    28    18    27    20    27    21    15 
   20    29    28    15    27    19    40    38    24    28    22    24    24    31    28    27 
   27    17    36    23    29    23    26    27    19    19    29    28    14    31    20    28 
   28    27    19    33    18    41    36    27    19    24    19    28    32    25    27    25 
   21    25    23    16    23    27    24    25    26    23    24    24    31    24    33    27 
   20    23    22    21    31    19    20    22    17    20    33    17    25    23    23    14 
   28    25    24    21    18    18    20    21    19    18    24    22    18    18    16    18 
   14    25    16    15    15    28    14    18    14    27    22    17    22    19    22    31 
   20    20    20    24    35    27    23    25    33    43    34    34    39    38    39    34 
   23    41    55    40    44    49    57    52    50    66    60    67    77    92    81   104 
  100   120   105    98   128   146   114   135   143   140   175   197   148   184   224   203 
  217   255   245   249   233   301   276   273   279   312   311   315   334   334   332   378 
  336   391   386   385   371   440   417   411   455   424   439   429   450   460   447   483 
  423   466   445   460   417   458   426   470   389   405   438   403   413   437   433   392 
  422   387   382   387   319   402   365   344   349   288   299   306   294   278   263   243 
  275   281   232   253   201   182   206   194   186   156   166   144   144   131   151   123 
  132   127   120   114   125    98   101    90    78    74    77    80    68    59    62    54 
   54    38    39    39    39    42    51    34    36    39    23    28    27    19    25    19 
   12    19    27    15    11    13    11    15    13    14    13    16    14    14    15    10 
   11    17    11     7    11     4    10     2     9    10     6     6     8     5     8    10 
   13     8    10     9    11    14    11     7     9    13     7    12     7     5     6    11 
    9    11     7     4    11     8     5     6    10    10     3    11     5     6    11     6 
    8    10    10     6     6    10     8     6     9     4     9     2     3     6     8     8 
    6     6     6     6    16     7     5     7     6     7     1     4     4     3     5     8 
    8     2     6    10     9     8     7     7     4     3     5     5     5     6     3    12 
    8     8     6     3     5     8     9     6     4     6     4     7     5     7     9     8 
    4     4     4     5    12     5     2     3     5     3     7     6     7     2     6     5 
    4     4    10     1     3     5     3     3     4     4     1     4     5     4     9     2 
    5     7     6     1     4     2     5     4     2     7     0     7     3     2     3     3 
    6     3     2     4     2     4     3     4     2     5     5     4     5     0     7     4 
    7     5     3     3     4     6     3     3     4     7     3     6     3     4     4  2957 
>> 02/05/2025 15:04:16
Sample: BGO
Run-Type: 2
Gate: 2000 (ns)
Pedestal: 504
Source-Energy: 1.000000 (MeV)
Channel-PE: 1.000000
Run-Time: 179 (Sec)
HV: 1689
Motor-Position: 45 0
Neslab-temp: -1234.0
SR630-temp: -1000.0  -1000.0  -1000.0
T1: T1 0.000000
T2: T2 0.000000
T3: T3 0.000000
T4: T4 0.000000
T5: T5 0.000000
Data:
    0     0     0     0     0     0     0     0     0     0     0     0     0     0     0     0 
    0     0     0     0     0     0     0     0     0     0     0     0     0     0     0     0 
    0     0     0     0     0     0     0     0     0     0     0     0     0     0     0     0 
    0     0     0     0     0     0     0     0     0     0     0     0     0     0     0     0 
    0     0     0     0     0     0     0     0     0     0     0     0     0     0     0     0 
    0     0     0     0     0     0     0     0     0     0     0     0     0     0     0     0 
    0     0     0     0     0     0     0     0     0     0     0     0     0     0     0     0 
    0     0     0     0     0     0     0     0     0     0     0     0     0     0     0     0 
    0     0     0     0     0     0     0     0     0     0     0     0     0     0     0     0 
    0     0     0     0     0     0     0     0     0     0     0     0     0     0     0     0 
    0     0     0     0     0     0     0     0     0     0     0     0     0     0     0     0 
    0     0     0     0     0     0     0     0     0     0     0     0     0     0     0     0 
    0     0     0     0     0     0     0     0     0     0     0     0     0     0     0     0 
    0     0     0     0     0     0     0     0     0     0     0     0     0     0     0     0 
    0     0     0     0     0     0     0     0     0     0     0     0     0     0     0     0 
    0     0     0     0     0     0     0     0     0     0     0     0     0     0     0     0 
    0     0     0     0     0     0     0     0     0     0     0     0     0     0     0     0 
    0     0     0     0     0     0     0     0     0     0     0     0     0     0     0     0 
    0     0     0     0     0     0     0     0     0     0     0     0     0     0     0     0 
    0     0     0     0     0     0     0     0     0     0     0     0     0     0     0     0 
    0     0     0     0     0     0     0     0     0     0     0     0     0     0     0     0 
    0     0     0     0     0     0     0     0     0     0     0     0     0     0     0     0 
    0     0     0     0     0 46339 32523   472   195   150   136   125    92    88    84    80 
   68    85    63    73    69    75    59    69    61    68    52    44    53    38    42    54 
   54    45    57    35    62    39    35    59    56    47    42    45    46    48    61    42 
   47    36    38    45    45    45    43    35    37    36    33    44    52    40    43    32 
   42    46    43    40    27    46    31    35    36    29    42    37    41    32    27    34 
   36    47    38    34    25    31    19    40    35    26    47    34    39    39    29    33 
   27    33    26    47    37    38    31    41    32    39    35    23    38    34    34    36 
   35    39    26    31    43    37    33    32    27    33    37    38    38    37    30    31 
   28    32    31    34    35    32    27    26    28    36    34    24    40    35    36    36 
   25    32    28    34    37    32    32    28    43    27    23    40    20    20    32    39 
   27    23    29    43    20    38    31    20    27    32    28    42    35    28    37    19 
   35    27    27    25    19    27    39    30    27    17    23    33    33    20    21    26 
   22    20    34    31    29    31    26    16    21    27    30    34    27    26    22    28 
   21    30    24    31    34    25    22    30    24    17    20    23    23    31    25    18 
   28    27    20    26    31    19    23    32    28    20    26    24    24    14    27    32 
   24    33    34    25    24    22    26    30    15    28    24    22    14    28    27    22 
   29    18    18    26    17    24    23    27    20    21    29    26    28    17    20    15 
   19    27    25    28    22    17    14    28    20    22    13    22    21    24    18    18 
   24    30    24    18    24    30    17    20    19    16    18    30    30    19    20    21 
   27    30    28    26    30    21    27    46    25    28    33    27    45    43    31    32 
   47    33    47    47    65    53    58    76    58    68    69    71    54    77    80   109 
  115   119   121   101   135   157   149   144   148   168   201   178   202   215   245   232 
  253   272   255   278   291   307   348   301   342   316   325   353   385   363   363   418 
  402   404   430   394   413   480   466   476   452   425   475   469   453   487   445   449 
  417   442   443   439   455   443   471   434   411   456   423   413   411   413   407   366 
  376   318   366   321   375   343   315   295   283   297   273   252   268   244   241   230 
  219   200   195   209   193   223   177   163   179   166   130   138   124   115   126   103 
  114    99    99    93    85    95    80    93    61    83    68    51    69    60    47    57 
   42    28    45    52    37    35    38    22    25    30    31    29    23    24    11    21 
   23    24    13    14    10    10    12    20    23    16    12    13    15    16    10    11 
   11    13     8    12    12    12    11    10    14    12     7     8    13     7    11    10 
   15     9    10     8    10    11     6    12     6    10     6     5    18     7    11    10 
   14    11    17     7     7    12     9    11     9     5    13     9     6     8     8     8 
    8     7    16     5     9    13    11     9     8    11     9     5     5    10     8     8 
    3     9     8     7     8     6     6     7     6     5     6     3     3     6     7     8 
    7     2     6     7     7     5     7     3     5     4     5     4     6     7     2     8 
    6     3     6     5     5     2     2     6     4     5     7     5     5     2     9     6 
    6     6     7     6     8     8     8     6     3     4     4     4     7     5     7     4 
    1     2     3     6     3     6     3     2     5     5     2     2    10     6     4     6 
    4     3     4     9     4     3     8     5     8     6     4     6     4     5     4     3 
    5     2     1     5     2     4     5     2     5     5     5     1     3     4     6     5 
    5     4     2     3     5     4     6     2     4     7     8     1     3     4     4  3222 
>> 02/05/2025 15:08:38
Sample: BGO
Run-Type: 2
Gate: 2000 (ns)
Pedestal: 504
Source-Energy: 1.000000 (MeV)
Channel-PE: 1.000000
Run-Time: 180 (Sec)
HV: 1689
Motor-Position: 65 0
Neslab-temp: -1234.0
SR630-temp: -1000.0  -1000.0  -1000.0
T1: T1 0.000000
T2: T2 0.000000
T3: T3 0.000000
T4: T4 0.000000
T5: T5 0.000000
Data:
    0     0     0     0     0     0     0     0     0     0     0     0     0     0     0     0 
    0     0     0     0     0     0     0     0     0     0     0     0     0     0     0     0 
    0     0     0     0     0     0     0     0     0     0     0     0     0     0     0     0 
    0     0     0     0     0     0     0     0     0     0     0     0     0     0     0     0 
    0     0     0     0     0     0     0     0     0     0     0     0     0     0     0     0 
    0     0     0     0     0     0     0     0     0     0     0     0     0     0     0     0 
    0     0     0     0     0     0     0     0     0     0     0     0     0     0     0     0 
    0     0     0     0     0     0     0     0     0     0     0     0     0     0     0     0 
    0     0     0     0     0     0     0     0     0     0     0     0     0     0     0     0 
    0     0     0     0     0     0     0     0     0     0     0     0     0     0     0     0 
    0     0     0     0     0     0     0     0     0     0     0     0     0     0     0     0 
    0     0     0     0     0     0     0     0     0     0     0     0     0     0     0     0 
    0     0     0     0     0     0     0     0     0     0     0     0     0     0     0     0 
    0     0     0     0     0     0     0     0     0     0     0     0     0     0     0     0 
    0     0     0     0     0     0     0     0     0     0     0     0     0     0     0     0 
    0     0     0     0     0     0     0     0     0     0     0     0     0     0     0     0 
    0     0     0     0     0     0     0     0     0     0     0     0     0     0     0     0 
    0     0     0     0     0     0     0     0     0     0     0     0     0     0     0     0 
    0     0     0     0     0     0     0     0     0     0     0     0     0     0     0     0 
    0     0     0     0     0     0     0     0     0     0     0     0     0     0     0     0 
    0     0     0     0     0     0     0     0     0     0     0     0     0     0     0     0 
    0     0     0     0     0     0     0     0     0     0     0     0     0     0     0     0 
    0     0     0     0     0 36500 42582   502   207   151   116   123   100    97    82    91 
   62    85    72    62    66    61    52    61    56    59    59    53    48    59    48    44 
   56    39    51    61    42    39    47    40    44    45    34    46    49    41    50    33 
   45    33    40    49    39    50    36    37    36    41    43    36    43    39    50    34 
   48    28    34    28    44    49    30    34    51    51    37    42    42    34    35    39 
   31    41    34    38    37    26    36    44    46    41    30    31    33    32    32    33 
   29    33    29    32    34    41    24    24    43    30    36    35    41    40    27    23 
   32    23    44    41    35    31    37    42    27    29    38    37    38    40    34    32 
   33    27    35    37    29    42    31    31    30    25    26    35    22    24    32    36 
   26    26    35    24    23    32    21    26    39    41    30    29    25    32    31    32 
   35    28    26    29    32    26    25    30    20    38    32    31    22    34    30    26 
   24    24    31    16    31    27    25    34    24    34    20    27    25    32    25    22 
   23    25    20    25    34    20    27    15    27    29    20    25    15    22    25    23 
   29    31    22    28    19    23    22    22    29    23    28    22    27    19    21    27 
   31    28    25    25    20    23    22    27    22    18    27    25    28    24    28    23 
   35    39    27    29    19    26    29    22    24    20    41    26    24    26    28    14 
   35    20    26    25    23    13    25    20    21    23    30    27    16    17    19    22 
   30    17    16    17    21    19    19    21    21    27    11    22    31    20    21    19 
   21    19    17    21    24    21    34    19    22    27    33    19    26    20    23    27 
   35    28    32    23    29    34    26    29    26    43    30    29    44    41    45    39 
   46    43    50    48    57    61    60    71    90    95    91    99    76   103   106   106 
  124   123   123   145   169   153   165   168   185   173   190   200   213   234   252   246 
  210   244   292   297   278   269   321   333   366   334   334   336   368   416   396   403 
  425   451   419   437   450   455   469   437   431   467   464   430   475   454   468   423 
  506   448   445   398   438   423   444   432   400   418   420   434   425   354   393   330 
  348   332   368   309   365   329   314   277   267   263   277   248   246   221   236   231 
  205   224   198   211   175   140   158   144   149   160   147   125   120   106   119   121 
  102   100    85    74    87    81    68    92    65    67    45    47    45    45    47    43 
   42    34    37    27    30    30    28    33    16    16    27    23    25    21    18    21 
   17    25    15    18    15    12    14    16    11    14    17     8     9    15     9    13 
    4    11     7     9    14     6     9     7     6    17    10     8     7     6    13    10 
    8     7     5     5     8    13    12    10     3    13     2     8    10    10     8    10 
    9     6     9     7     8    12    15     8     9    10    14     5    13     7    10    13 
   13     5     8     8     8    12     6     7     7    11     7     8     8     9    12     5 
    8     2     6     8     9     4     5     8     3     3     8     8     4     6     4     7 
    3     4     5     5     7     4     3     7     6     5     5     4    11     5     4     9 
    7     4     8     3     2     5     7     7     7     3     8     8     7     1     9     9 
    1     4     4     5     3     4     2     6     7     1     2     7     7     7     5     4 
    4     4     7     4     3     2     6     5     4     1     2     6     8     1     4     5 
    5     7     3     7     4     6     9     2     5     6     4     6     3    11     4     3 
    2     5     3     5     7     6     3     2     2     6     3     8     4     7     5     5 
    1     3     6     6     7     5     9     1     3     1     3     5     7     5     2  3195 
>> 02/05/2025 15:12:23
Sample: BGO
Run-Type: 2
Gate: 2000 (ns)
Pedestal: 504
Source-Energy: 1.000000 (MeV)
Channel-PE: 1.000000
Run-Time: 180 (Sec)
HV: 1689
Motor-Position: 85 0
Neslab-temp: -1234.0
SR630-temp: -1000.0  -1000.0  -1000.0
T1: T1 0.000000
T2: T2 0.000000
T3: T3 0.000000
T4: T4 0.000000
T5: T5 0.000000
Data:
    0     0     0     0     0     0     0     0     0     0     0     0     0     0     0     0 
    0     0     0     0     0     0     0     0     0     0     0     0     0     0     0     0 
    0     0     0     0     0     0     0     0     0     0     0     0     0     0     0     0 
    0     0     0     0     0     0     0     0     0     0     0     0     0     0     0     0 
    0     0     0     0     0     0     0     0     0     0     0     0     0     0     0     0 
    0     0     0     0     0     0     0     0     0     0     0     0     0     0     0     0 
    0     0     0     0     0     0     0     0     0     0     0     0     0     0     0     0 
    0     0     0     0     0     0     0     0     0     0     0     0     0     0     0     0 
    0     0     0     0     0     0     0     0     0     0     0     0     0     0     0     0 
    0     0     0     0     0     0     0     0     0     0     0     0     0     0     0     0 
    0     0     0     0     0     0     0     0     0     0     0     0     0     0     0     0 
    0     0     0     0     0     0     0     0     0     0     0     0     0     0     0     0 
    0     0     0     0     0     0     0     0     0     0     0     0     0     0     0     0 
    0     0     0     0     0     0     0     0     0     0     0     0     0     0     0     0 
    0     0     0     0     0     0     0     0     0     0     0     0     0     0     0     0 
    0     0     0     0     0     0     0     0     0     0     0     0     0     0     0     0 
    0     0     0     0     0     0     0     0     0     0     0     0     0     0     0     0 
    0     0     0     0     0     0     0     0     0     0     0     0     0     0     0     0 
    0     0     0     0     0     0     0     0     0     0     0     0     0     0     0     0 
    0     0     0     0     0     0     0     0     0     0     0     0     0     0     0     0 
    0     0     0     0     0     0     0     0     0     0     0     0     0     0     0     0 
    0     0     0     0     0     0     0     0     0     0     0     0     0     0     0     0 
    0     0     0     0     1 40099 39602   515   198   167   121   102   101    85    78    82 
   72    55    65    80    68    53    53    56    51    50    66    78    60    42    42    44 
   52    37    49    38    60    28    48    41    53    45    46    33    39    40    54    42 
   41    43    40    34    42    39    36    37    34    46    35    37    34    44    43    42 
   38    33    37    31    32    39    43    48    31    29    30    27    33    28    39    43 
   35    44    36    52    38    39    39    42    31    33    33    39    35    34    43    42 
   26    32    32    24    45    29    28    33    30    33    36    32    31    25    30    41 
   24    42    31    30    32    36    37    28    41    42    37    26    33    26    32    38 
   30    36    38    28    43    26    31    33    39    38    34    24    25    28    31    34 
   33    33    31    36    30    27    31    30    25    42    20    36    33    24    30    25 
   35    28    26    25    28    37    31    30    34    27    28    26    33    26    17    25 
   30    19    37    22    30    23    27    28    26    25    25    29    33    27    25    23 
   29    27    27    23    23    21    16    28    23    27    20    25    26    29    22    29 
   25    31    22    33    21    31    24    22    22    29    37    26    26    27    28    25 
   26    25    25    31    25    23    31    28    26    21    33    22    21    21    31    25 
   25    27    32    35    36    21    23    27    31    20    27    25    31    18    27    21 
   30    19    27    22    28    23    16    22    20    24    21    25    24    23    18    10 
   21    30    21    12    27    16    24    18     9    14    32    18    22    18    23    14 
   28    21    19    19    20    20    18    21    21    30    22    24    21    18    24    25 
   31    27    28    38    32    26    20    45    36    49    33    40    35    41    36    52 
   50    38    58    66    65    58    65    73    59    78    78    88    93   101    85    98 
  106   118   125   131   141   158   149   184   185   186   193   196   221   217   225   244 
  234   287   254   269   324   320   294   316   292   343   364   360   386   388   406   397 
  374   401   450   439   465   445   415   470   440   445   501   495   451   486   475   418 
  492   433   469   436   406   428   452   459   431   410   406   458   384   371   349   337 
  339   376   318   322   291   321   318   334   265   293   265   268   259   244   232   232 
  209   204   210   181   194   177   187   121   154   150   141   128   143   116   117   103 
   96   109    97    76    83    76    70    60    70    55    62    53    41    47    49    41 
   35    33    41    31    28    19    22    30    24    20    25    27    20    16    26    20 
   18    13    17    19    21    14    15    11    13     8     9     9    17    15    14     8 
   15     9     8     6     7     8    12    12     7    12    14     9    13    10    10    13 
   10     6     9    10     7    13     8    10     7     6     5    10    12     6     5    11 
   10     5     8     6     8    10    13     8    10    10     7    13     9    13     8     9 
   12     8    12    10    12     3    13     8     9     2     5    12     4    11     5     5 
    3     7     8     7     4     6     8     8    11     4     4     7     6     5     2     7 
    5    11     1     5    10     5     6     7     6     6     6     6     9     3     6     7 
    5     7     9    10     6     4     4     3     3    11     8     9     4     4     6     7 
    6     7     3     7     7     3     2     5     6     5     5     3     2     2     6     4 
    6     6     5     5     9     7     9     8    10     4     2     2     3     6     4     1 
    4     3     4     1     2     7     6     8     5     2     3     1     7     3     7     2 
    4     5     4     6     2     5     8     6     1     7     5     4     5     5     4     3 
    4     6     6     6     8     5     6     7     2     5     5     5     5     9     5  3070 
>> 02/05/2025 15:16:39
Sample: BGO
Run-Type: 2
Gate: 2000 (ns)
Pedestal: 504
Source-Energy: 1.000000 (MeV)
Channel-PE: 1.000000
Run-Time: 180 (Sec)
HV: 1689
Motor-Position: 105 0
Neslab-temp: -1234.0
SR630-temp: -1000.0  -1000.0  -1000.0
T1: T1 0.000000
T2: T2 0.000000
T3: T3 0.000000
T4: T4 0.000000
T5: T5 0.000000
Data:
    0     0     0     0     0     0     0     0     0     0     0     0     0     0     0     0 
    0     0     0     0     0     0     0     0     0     0     0     0     0     0     0     0 
    0     0     0     0     0     0     0     0     0     0     0     0     0     0     0     0 
    0     0     0     0     0     0     0     0     0     0     0     0     0     0     0     0 
    0     0     0     0     0     0     0     0     0     0     0     0     0     0     0     0 
    0     0     0     0     0     0     0     0     0     0     0     0     0     0     0     0 
    0     0     0     0     0     0     0     0     0     0     0     0     0     0     0     0 
    0     0     0     0     0     0     0     0     0     0     0     0     0     0     0     0 
    0     0     0     0     0     0     0     0     0     0     0     0     0     0     0     0 
    0     0     0     0     0     0     0     0     0     0     0     0     0     0     0     0 
    0     0     0     0     0     0     0     0     0     0     0     0     0     0     0     0 
    0     0     0     0     0     0     0     0     0     0     0     0     0     0     0     0 
    0     0     0     0     0     0     0     0     0     0     0     0     0     0     0     0 
    0     0     0     0     0     0     0     0     0     0     0     0     0     0     0     0 
    0     0     0     0     0     0     0     0     0     0     0     0     0     0     0     0 
    0     0     0     0     0     0     0     0     0     0     0     0     0     0     0     0 
    0     0     0     0     0     0     0     0     0     0     0     0     0     0     0     0 
    0     0     0     0     0     0     0     0     0     0     0     0     0     0     0     0 
    0     0     0     0     0     0     0     0     0     0     0     0     0     0     0     0 
    0     0     0     0     0     0     0     0     0     0     0     0     0     0     0     0 
    0     0     0     0     0     0     0     0     0     0     0     0     0     0     0     0 
    0     0     0     0     0     0     0     0     0     0     0     0     0     0     0     0 
    0     0     0     0     0 33502 47341   465   179   150   136   119    99    84    80    65 
   73    64    68    66    55    49    60    44    56    55    55    60    57    49    58    49 
   46    42    39    47    49    43    42    40    43    46    47    36    59    39    50    41 
   38    45    41    40    38    39    40    34    44    41    51    42    40    38    46    37 
   25    44    37    41    31    41    44    47    34    43    32    31    27    54    43    34 
   43    35    33    32    30    51    36    28    27    48    33    28    34    29    30    30 
   32    36    32    33    40    26    50    36    29    31    28    32    41    27    28    31 
   41    36    35    31    20    31    31    22    36    36    27    37    40    33    39    38 
   26    36    26    32    28    26    30    29    25    43    35    34    26    46    34    32 
   32    25    34    28    36    43    22    35    23    23    31    28    34    32    30    26 
   32    29    35    29    28    26    26    33    28    27    20    31    31    18    24    28 
   18    26    29    29    29    23    19    35    18    32    24    21    27    31    26    32 
   22    24    33    21    25    29    26    32    28    30    22    34    21    20    30    24 
   35    22    20    30    24    19    29    21    26    22    23    22    21    22    35    17 
   25    26    29    33    29    21    30    22    19    29    29    31    30    27    27    19 
   29    37    28    27    24    21    29    24    26    24    21    28    28    19    24    18 
   33    30    25    30    26    23    20    17    25    19    16    19    21    19    27    18 
   21    21    18    18    14    22    18    18    18    17    21    17    25    18    21    16 
   17    21    25    23    20    18    29    18    18    26    15    23    21    20    30    20 
   22    15    22    25    17    25    26    28    17    25    36    23    35    35    39    41 
   39    51    48    49    44    42    66    53    73    68    73    73    73    97    83    91 
  100    85   130   137   121   120   150   136   153   169   154   169   181   195   203   240 
  225   243   236   218   263   280   288   298   306   329   343   379   388   354   419   399 
  411   403   417   381   382   416   386   412   425   431   397   430   408   452   453   479 
  489   426   427   461   439   412   413   433   481   411   415   390   419   383   367   386 
  387   384   344   361   335   370   314   336   320   294   298   300   250   239   260   244 
  261   238   219   214   209   205   180   169   158   176   162   173   144   119   152   121 
  106   116   108    99    82    85    78    81    73    76    78    71    55    49    52    36 
   41    55    44    47    35    43    34    29    29    30    27    20    24    20    26    20 
   11    21    18    17    23    13    20    15    18    10    15    11    12    12    13    12 
   16     8     7     5     9     8     6    13     9     9     9    12     7    13    13    10 
    9    11     7    12     7    13    10     9     7     5     9     5     9     5     6    11 
   13     7    11     7     7     9    11    10     7     5     5     6     8     5     9     9 
    5    10    10    10    11     9    10     3     7     8     7     7     8     5     8     6 
   10     8     5     6     1    10     9     8     6    17     9     3     7     6     6    11 
    3     7     4     7     4     5     4     1     3     3     3     5     5     5     8     1 
    5     6    10     4     5     6     2     6     6     6     5     4     5     4     6     5 
    4     3     3     6     2     9     2     3     1     5     5    10     4     3     1     7 
    2     3     3     0     5     2     3     5     4     7     5     2     9     3     0     6 
    6     3     3     3     4     1     2     1     4     2     6     2     4     5     7     7 
    4     3     3     7     5     3     5     4     6     5     8     2     2     6     5     5 
    2     7     4     3     3     7     5     5     3     7    13     3     2     1     1  2822 
>> 02/05/2025 15:20:19
Sample: BGO
Run-Type: 2
Gate: 2000 (ns)
Pedestal: 504
Source-Energy: 1.000000 (MeV)
Channel-PE: 1.000000
Run-Time: 180 (Sec)
HV: 1689
Motor-Position: 125 0
Neslab-temp: -1234.0
SR630-temp: -1000.0  -1000.0  -1000.0
T1: T1 0.000000
T2: T2 0.000000
T3: T3 0.000000
T4: T4 0.000000
T5: T5 0.000000
Data:
    0     0     0     0     0     0     0     0     0     0     0     0     0     0     0     0 
    0     0     0     0     0     0     0     0     0     0     0     0     0     0     0     0 
    0     0     0     0     0     0     0     0     0     0     0     0     0     0     0     0 
    0     0     0     0     0     0     0     0     0     0     0     0     0     0     0     0 
    0     0     0     0     0     0     0     0     0     0     0     0     0     0     0     0 
    0     0     0     0     0     0     0     0     0     0     0     0     0     0     0     0 
    0     0     0     0     0     0     0     0     0     0     0     0     0     0     0     0 
    0     0     0     0     0     0     0     0     0     0     0     0     0     0     0     0 
    0     0     0     0     0     0     0     0     0     0     0     0     0     0     0     0 
    0     0     0     0     0     0     0     0     0     0     0     0     0     0     0     0 
    0     0     0     0     0     0     0     0     0     0     0     0     0     0     0     0 
    0     0     0     0     0     0     0     0     0     0     0     0     0     0     0     0 
    0     0     0     0     0     0     0     0     0     0     0     0     0     0     0     0 
    0     0     0     0     0     0     0     0     0     0     0     0     0     0     0     0 
    0     0     0     0     0     0     0     0     0     0     0     0     0     0     0     0 
    0     0     0     0     0     0     0     0     0     0     0     0     0     0     0     0 
    0     0     0     0     0     0     0     0     0     0     0     0     0     0     0     0 
    0     0     0     0     0     0     0     0     0     0     0     0     0     0     0     0 
    0     0     0     0     0     0     0     0     0     0     0     0     0     0     0     0 
    0     0     0     0     0     0     0     0     0     0     0     0     0     0     0     0 
    0     0     0     0     0     0     0     0     0     0     0     0     0     0     0     0 
    0     0     0     0     0     0     0     0     0     0     0     0     0     0     0     0 
    0     0     0     0     0 34681 47838   434   185   133   103    85    74    84    60    85 
   66    62    69    58    61    52    64    47    46    49    50    50    48    55    53    55 
   46    45    45    40    39    41    46    45    36    43    43    37    59    41    33    41 
   41    31    36    34    29    37    34    27    34    32    41    34    28    19    31    39 
   35    32    40    34    33    49    35    46    34    32    27    20    33    36    34    38 
   30    26    31    47    34    37    35    36    38    28    38    23    33    29    20    37 
   22    32    30    21    29    19    40    36    31    28    26    31    36    25    34    28 
   33    45    36    23    26    28    24    35    31    21    33    28    27    39    38    27 
   24    36    33    26    32    33    38    32    38    32    26    24    28    31    30    25 
   22    24    30    35    32    42    28    20    31    31    37    22    24    21    21    20 
   30    23    27    19    22    34    20    24    29    24    22    16    26    27    18    29 
   28    35    32    17    18    11    33    26    27    30    21    30    33    30    18    22 
   31    34    20    20    26    21    25    30    19    22    22    26    27    14    20    24 
   16    20    22    13    31    20    13    25    17    22    22    19    18    25    22    24 
   21    23    26    22    21    15    21    28    26    20    22    25    18    21    23    21 
   25    20    27    21    37    17    12    30    21    22    24    23    30    19    22    30 
   28    25    16    23    21    29    18    29    30    26    18    25    34    21    19    20 
   19    19    16    22    21    13    16    18    19    17    17    22    20    18    19    29 
   17    13    16    17    16    21    21    17    20    21    13    20    16    17    25    18 
   23    17    24    14    29    17    22    20    23    29    24    30    27    29    30    34 
   29    39    28    46    30    49    45    43    42    42    50    62    54    63    69    70 
   62    78    81    86   107    85   109    95   122   117   128   128   147   147   152   182 
  192   163   208   192   187   223   226   238   213   242   276   290   267   318   292   312 
  315   304   337   368   334   384   401   375   370   389   427   407   403   423   420   435 
  458   445   447   460   461   414   444   425   404   424   421   445   413   427   438   406 
  360   413   411   377   351   386   378   343   344   343   320   317   345   323   319   309 
  308   295   280   241   247   257   248   258   219   217   185   185   201   181   154   181 
  147   152   134   131   119   120   106   125    94   104    85    88    85    74    76    82 
   57    74    53    47    61    60    48    44    34    33    40    33    28    33    38    31 
   21    29    22    18    21    24    30    10    22    21    15    14    12    12    12    13 
   20    20    10     5    13    13     9    11     6     9     6     9    10     6    10    12 
   11     2     9     8     7     5     8     4     9     8     7     4     9     6    11     7 
    7     5     8     8     4    10     8     5     5     5     9     8     8     3     8     5 
    6     7     1     8     7     6    12     8     4     4     5     7     9     7     4     8 
    4     9     5     5     5     7     7     4     6     4     6    11     6     5     8     6 
    5     4     9    11     6     3     6     4     2     9     3     3     4     7     4     2 
    4     6     4     6     4     6     5     5     4     1     3     5     2     4     4     5 
    5     5     6     5     5     4     6     5     9     1    10     2     3     5     3     2 
    1     5     4     3     4     2     0     2     0     2     1     5     6     2     3     3 
    7     8     1     5     8     7     2     3     3     3     2     6     6     8     2     2 
    2     5     5     3     2     3     6     3     4     1     6     3     4     6     6     6 
    6     4     5     2     3     4     4     4     3     1     2     2     0     2     1  2485 
